Evolution of the BH masses and spins as functions of time.
Total number of time iterations: 784

              t                   M              a
    1.23833e-22         1.00000e+16    0.00000e+00
    2.47665e-22         1.00000e+16    0.00000e+00
    4.95331e-22         1.00000e+16    0.00000e+00
    9.90662e-22         1.00000e+16    0.00000e+00
    1.98132e-21         1.00000e+16    0.00000e+00
    3.96265e-21         1.00000e+16    0.00000e+00
    7.92530e-21         1.00000e+16    0.00000e+00
    1.58506e-20         1.00000e+16    0.00000e+00
    3.17012e-20         1.00000e+16    0.00000e+00
    6.34024e-20         1.00000e+16    0.00000e+00
    1.26805e-19         1.00000e+16    0.00000e+00
    2.53609e-19         1.00000e+16    0.00000e+00
    5.07219e-19         1.00000e+16    0.00000e+00
    1.01444e-18         1.00000e+16    0.00000e+00
    2.02888e-18         1.00000e+16    0.00000e+00
    4.05775e-18         1.00000e+16    0.00000e+00
    8.11550e-18         1.00000e+16    0.00000e+00
    1.62310e-17         1.00000e+16    0.00000e+00
    3.24620e-17         1.00000e+16    0.00000e+00
    6.49240e-17         1.00000e+16    0.00000e+00
    1.29848e-16         1.00000e+16    0.00000e+00
    2.59696e-16         1.00000e+16    0.00000e+00
    5.19392e-16         1.00000e+16    0.00000e+00
    1.03878e-15         1.00000e+16    0.00000e+00
    2.07757e-15         1.00000e+16    0.00000e+00
    4.15514e-15         1.00000e+16    0.00000e+00
    8.31027e-15         1.00000e+16    0.00000e+00
    1.66205e-14         1.00000e+16    0.00000e+00
    3.32411e-14         1.00000e+16    0.00000e+00
    6.64822e-14         1.00000e+16    0.00000e+00
    1.32964e-13         1.00000e+16    0.00000e+00
    2.65929e-13         1.00000e+16    0.00000e+00
    5.31858e-13         1.00000e+16    0.00000e+00
    1.06372e-12         1.00000e+16    0.00000e+00
    2.12743e-12         1.00000e+16    0.00000e+00
    4.25486e-12         1.00000e+16    0.00000e+00
    8.50972e-12         1.00000e+16    0.00000e+00
    1.70194e-11         1.00000e+16    0.00000e+00
    3.40389e-11         1.00000e+16    0.00000e+00
    6.80778e-11         1.00000e+16    0.00000e+00
    1.36156e-10         1.00000e+16    0.00000e+00
    2.72311e-10         1.00000e+16    0.00000e+00
    5.44622e-10         1.00000e+16    0.00000e+00
    1.08924e-09         1.00000e+16    0.00000e+00
    2.17849e-09         1.00000e+16    0.00000e+00
    4.35698e-09         1.00000e+16    0.00000e+00
    8.71395e-09         1.00000e+16    0.00000e+00
    1.74279e-08         1.00000e+16    0.00000e+00
    3.48558e-08         1.00000e+16    0.00000e+00
    6.97116e-08         1.00000e+16    0.00000e+00
    1.39423e-07         1.00000e+16    0.00000e+00
    2.78847e-07         1.00000e+16    0.00000e+00
    5.57693e-07         1.00000e+16    0.00000e+00
    1.11539e-06         1.00000e+16    0.00000e+00
    2.23077e-06         1.00000e+16    0.00000e+00
    4.46154e-06         1.00000e+16    0.00000e+00
    8.92309e-06         1.00000e+16    0.00000e+00
    1.78462e-05         1.00000e+16    0.00000e+00
    3.56924e-05         1.00000e+16    0.00000e+00
    7.13847e-05         1.00000e+16    0.00000e+00
    1.42769e-04         1.00000e+16    0.00000e+00
    2.85539e-04         1.00000e+16    0.00000e+00
    5.71078e-04         1.00000e+16    0.00000e+00
    1.14216e-03         1.00000e+16    0.00000e+00
    2.28431e-03         1.00000e+16    0.00000e+00
    4.56862e-03         1.00000e+16    0.00000e+00
    9.13724e-03         1.00000e+16    0.00000e+00
    1.82745e-02         1.00000e+16    0.00000e+00
    3.65490e-02         1.00000e+16    0.00000e+00
    7.30979e-02         1.00000e+16    0.00000e+00
    1.46196e-01         1.00000e+16    0.00000e+00
    2.92392e-01         1.00000e+16    0.00000e+00
    5.84784e-01         1.00000e+16    0.00000e+00
    1.16957e+00         1.00000e+16    0.00000e+00
    2.33913e+00         1.00000e+16    0.00000e+00
    4.67827e+00         1.00000e+16    0.00000e+00
    9.35654e+00         1.00000e+16    0.00000e+00
    1.87131e+01         1.00000e+16    0.00000e+00
    3.74261e+01         1.00000e+16    0.00000e+00
    7.48523e+01         1.00000e+16    0.00000e+00
    1.49705e+02         1.00000e+16    0.00000e+00
    2.99409e+02         1.00000e+16    0.00000e+00
    5.98818e+02         1.00000e+16    0.00000e+00
    1.19764e+03         1.00000e+16    0.00000e+00
    2.39527e+03         1.00000e+16    0.00000e+00
    4.79055e+03         1.00000e+16    0.00000e+00
    9.58109e+03         1.00000e+16    0.00000e+00
    1.91622e+04         1.00000e+16    0.00000e+00
    3.83244e+04         1.00000e+16    0.00000e+00
    7.66488e+04         1.00000e+16    0.00000e+00
    1.53298e+05         1.00000e+16    0.00000e+00
    3.06595e+05         1.00000e+16    0.00000e+00
    6.13190e+05         1.00000e+16    0.00000e+00
    1.22638e+06         1.00000e+16    0.00000e+00
    2.45276e+06         1.00000e+16    0.00000e+00
    4.90552e+06         1.00000e+16    0.00000e+00
    9.81104e+06         1.00000e+16    0.00000e+00
    1.96221e+07         1.00000e+16    0.00000e+00
    3.92442e+07         1.00000e+16    0.00000e+00
    7.84883e+07         1.00000e+16    0.00000e+00
    1.56977e+08         1.00000e+16    0.00000e+00
    3.13953e+08         1.00000e+16    0.00000e+00
    6.27907e+08         1.00000e+16    0.00000e+00
    1.25581e+09         1.00000e+16    0.00000e+00
    2.51163e+09         1.00000e+16    0.00000e+00
    5.02325e+09         1.00000e+16    0.00000e+00
    1.00465e+10         1.00000e+16    0.00000e+00
    2.00930e+10         1.00000e+16    0.00000e+00
    4.01860e+10         1.00000e+16    0.00000e+00
    8.03720e+10         1.00000e+16    0.00000e+00
    1.60744e+11         1.00000e+16    0.00000e+00
    3.21488e+11         1.00000e+16    0.00000e+00
    6.42976e+11         1.00000e+16    0.00000e+00
    1.28595e+12         1.00000e+16    0.00000e+00
    2.57191e+12         1.00000e+16    0.00000e+00
    5.14381e+12         1.00000e+16    0.00000e+00
    1.02876e+13         1.00000e+16    0.00000e+00
    2.05752e+13         1.00000e+16    0.00000e+00
    4.11505e+13         1.00000e+16    0.00000e+00
    8.23010e+13         1.00000e+16    0.00000e+00
    1.64602e+14         1.00000e+16    0.00000e+00
    3.29204e+14         1.00000e+16    0.00000e+00
    6.58408e+14         1.00000e+16    0.00000e+00
    1.31682e+15         1.00000e+16    0.00000e+00
    2.63363e+15         9.99999e+15    0.00000e+00
    5.26726e+15         9.99999e+15    0.00000e+00
    1.05345e+16         9.99997e+15    0.00000e+00
    2.10690e+16         9.99995e+15    0.00000e+00
    4.21381e+16         9.99990e+15    0.00000e+00
    8.42762e+16         9.99979e+15    0.00000e+00
    1.68552e+17         9.99958e+15    0.00000e+00
    3.37105e+17         9.99917e+15    0.00000e+00
    6.74210e+17         9.99834e+15    0.00000e+00
    1.34842e+18         9.99667e+15    0.00000e+00
    2.69684e+18         9.99334e+15    0.00000e+00
    5.39368e+18         9.98668e+15    0.00000e+00
    1.07874e+19         9.97333e+15    0.00000e+00
    2.15747e+19         9.94655e+15    0.00000e+00
    4.31494e+19         9.89260e+15    0.00000e+00
    8.62988e+19         9.78323e+15    0.00000e+00
    1.29448e+20         9.67075e+15    0.00000e+00
    1.72598e+20         9.55495e+15    0.00000e+00
    2.15747e+20         9.43561e+15    0.00000e+00
    2.58896e+20         9.31247e+15    0.00000e+00
    3.02046e+20         9.18530e+15    0.00000e+00
    3.45195e+20         9.05378e+15    0.00000e+00
    3.88345e+20         8.91755e+15    0.00000e+00
    4.31494e+20         8.77623e+15    0.00000e+00
    4.74644e+20         8.62955e+15    0.00000e+00
    5.17793e+20         8.47718e+15    0.00000e+00
    5.60942e+20         8.31860e+15    0.00000e+00
    6.04092e+20         8.15315e+15    0.00000e+00
    6.47241e+20         7.97981e+15    0.00000e+00
    6.90391e+20         7.79762e+15    0.00000e+00
    7.33540e+20         7.60549e+15    0.00000e+00
    7.76689e+20         7.40223e+15    0.00000e+00
    8.19839e+20         7.18619e+15    0.00000e+00
    8.62988e+20         6.95584e+15    0.00000e+00
    9.06138e+20         6.70888e+15    0.00000e+00
    9.49287e+20         6.44179e+15    0.00000e+00
    9.92436e+20         6.15017e+15    0.00000e+00
    1.03559e+21         5.82825e+15    0.00000e+00
    1.07874e+21         5.46818e+15    0.00000e+00
    1.12188e+21         5.05691e+15    0.00000e+00
    1.16503e+21         4.57328e+15    0.00000e+00
    1.18661e+21         4.27639e+15    0.00000e+00
    1.20818e+21         3.93595e+15    0.00000e+00
    1.21897e+21         3.73454e+15    0.00000e+00
    1.22976e+21         3.51063e+15    0.00000e+00
    1.24055e+21         3.25697e+15    0.00000e+00
    1.25133e+21         2.96195e+15    0.00000e+00
    1.25673e+21         2.78345e+15    0.00000e+00
    1.26212e+21         2.58122e+15    0.00000e+00
    1.26751e+21         2.34598e+15    0.00000e+00
    1.27021e+21         2.20353e+15    0.00000e+00
    1.27291e+21         2.04204e+15    0.00000e+00
    1.27560e+21         1.85397e+15    0.00000e+00
    1.27695e+21         1.73986e+15    0.00000e+00
    1.27830e+21         1.61028e+15    0.00000e+00
    1.27965e+21         1.45898e+15    0.00000e+00
    1.28032e+21         1.36678e+15    0.00000e+00
    1.28100e+21         1.26169e+15    0.00000e+00
    1.28167e+21         1.13821e+15    0.00000e+00
    1.28201e+21         1.06216e+15    0.00000e+00
    1.28235e+21         9.74503e+14    0.00000e+00
    1.28252e+21         9.22084e+14    0.00000e+00
    1.28268e+21         8.63256e+14    0.00000e+00
    1.28285e+21         7.95618e+14    0.00000e+00
    1.28294e+21         7.55249e+14    0.00000e+00
    1.28302e+21         7.10030e+14    0.00000e+00
    1.28311e+21         6.58028e+14    0.00000e+00
    1.28319e+21         5.95819e+14    0.00000e+00
    1.28323e+21         5.56507e+14    0.00000e+00
    1.28327e+21         5.09900e+14    0.00000e+00
    1.28329e+21         4.81149e+14    0.00000e+00
    1.28332e+21         4.47911e+14    0.00000e+00
    1.28334e+21         4.08186e+14    0.00000e+00
    1.28335e+21         3.83362e+14    0.00000e+00
    1.28336e+21         3.54505e+14    0.00000e+00
    1.28337e+21         3.19667e+14    0.00000e+00
    1.28337e+21         2.97545e+14    0.00000e+00
    1.28338e+21         2.71430e+14    0.00000e+00
    1.28338e+21         2.55418e+14    0.00000e+00
    1.28338e+21         2.37164e+14    0.00000e+00
    1.28339e+21         2.15767e+14    0.00000e+00
    1.28339e+21         2.02733e+14    0.00000e+00
    1.28339e+21         1.87899e+14    0.00000e+00
    1.28339e+21         1.70559e+14    0.00000e+00
    1.28339e+21         1.60002e+14    0.00000e+00
    1.28339e+21         1.47985e+14    0.00000e+00
    1.28339e+21         1.33917e+14    0.00000e+00
    1.28339e+21         1.25315e+14    0.00000e+00
    1.28339e+21         1.15485e+14    0.00000e+00
    1.28339e+21         1.09694e+14    0.00000e+00
    1.28339e+21         1.03273e+14    0.00000e+00
    1.28339e+21         9.60253e+13    0.00000e+00
    1.28339e+21         8.76359e+13    0.00000e+00
    1.28339e+21         8.25920e+13    0.00000e+00
    1.28339e+21         7.69058e+13    0.00000e+00
    1.28339e+21         7.03307e+13    0.00000e+00
    1.28339e+21         6.63819e+13    0.00000e+00
    1.28339e+21         6.19370e+13    0.00000e+00
    1.28339e+21         5.68019e+13    0.00000e+00
    1.28339e+21         5.37186e+13    0.00000e+00
    1.28339e+21         5.02466e+13    0.00000e+00
    1.28339e+21         4.62271e+13    0.00000e+00
    1.28339e+21         4.38139e+13    0.00000e+00
    1.28339e+21         4.10926e+13    0.00000e+00
    1.28339e+21         3.79443e+13    0.00000e+00
    1.28339e+21         3.41844e+13    0.00000e+00
    1.28339e+21         3.18026e+13    0.00000e+00
    1.28339e+21         2.90015e+13    0.00000e+00
    1.28339e+21         2.72875e+13    0.00000e+00
    1.28339e+21         2.53299e+13    0.00000e+00
    1.28339e+21         2.30288e+13    0.00000e+00
    1.28339e+21         2.16192e+13    0.00000e+00
    1.28339e+21         2.00056e+13    0.00000e+00
    1.28339e+21         1.81037e+13    0.00000e+00
    1.28339e+21         1.69286e+13    0.00000e+00
    1.28339e+21         1.55722e+13    0.00000e+00
    1.28339e+21         1.47617e+13    0.00000e+00
    1.28339e+21         1.38511e+13    0.00000e+00
    1.28339e+21         1.28035e+13    0.00000e+00
    1.28339e+21         1.15592e+13    0.00000e+00
    1.28339e+21         1.07813e+13    0.00000e+00
    1.28339e+21         9.87591e+12    0.00000e+00
    1.28339e+21         9.33003e+12    0.00000e+00
    1.28339e+21         8.71353e+12    0.00000e+00
    1.28339e+21         8.00199e+12    0.00000e+00
    1.28339e+21         7.57703e+12    0.00000e+00
    1.28339e+21         7.10118e+12    0.00000e+00
    1.28339e+21         6.55784e+12    0.00000e+00
    1.28339e+21         5.91834e+12    0.00000e+00
    1.28339e+21         5.52437e+12    0.00000e+00
    1.28339e+21         5.07163e+12    0.00000e+00
    1.28339e+21         4.80259e+12    0.00000e+00
    1.28339e+21         4.50235e+12    0.00000e+00
    1.28339e+21         4.16053e+12    0.00000e+00
    1.28339e+21         3.75993e+12    0.00000e+00
    1.28339e+21         3.51454e+12    0.00000e+00
    1.28339e+21         3.23359e+12    0.00000e+00
    1.28339e+21         3.06760e+12    0.00000e+00
    1.28339e+21         2.88313e+12    0.00000e+00
    1.28339e+21         2.67428e+12    0.00000e+00
    1.28339e+21         2.43150e+12    0.00000e+00
    1.28339e+21         2.28464e+12    0.00000e+00
    1.28339e+21         2.11828e+12    0.00000e+00
    1.28339e+21         1.92476e+12    0.00000e+00
    1.28339e+21         1.80755e+12    0.00000e+00
    1.28339e+21         1.67465e+12    0.00000e+00
    1.28339e+21         1.51979e+12    0.00000e+00
    1.28339e+21         1.42576e+12    0.00000e+00
    1.28339e+21         1.31888e+12    0.00000e+00
    1.28339e+21         1.19391e+12    0.00000e+00
    1.28339e+21         1.11757e+12    0.00000e+00
    1.28339e+21         1.03034e+12    0.00000e+00
    1.28339e+21         9.27457e+11    0.00000e+00
    1.28339e+21         8.63682e+11    0.00000e+00
    1.28339e+21         7.89831e+11    0.00000e+00
    1.28339e+21         7.45439e+11    0.00000e+00
    1.28339e+21         6.95395e+11    0.00000e+00
    1.28339e+21         6.37645e+11    0.00000e+00
    1.28339e+21         6.03116e+11    0.00000e+00
    1.28339e+21         5.64388e+11    0.00000e+00
    1.28339e+21         5.20003e+11    0.00000e+00
    1.28339e+21         4.93737e+11    0.00000e+00
    1.28339e+21         4.64501e+11    0.00000e+00
    1.28339e+21         4.31356e+11    0.00000e+00
    1.28339e+21         3.92683e+11    0.00000e+00
    1.28339e+21         3.69128e+11    0.00000e+00
    1.28339e+21         3.42274e+11    0.00000e+00
    1.28339e+21         3.10670e+11    0.00000e+00
    1.28339e+21         2.91223e+11    0.00000e+00
    1.28339e+21         2.68833e+11    0.00000e+00
    1.28339e+21         2.42187e+11    0.00000e+00
    1.28339e+21         2.25558e+11    0.00000e+00
    1.28339e+21         2.06209e+11    0.00000e+00
    1.28339e+21         1.94547e+11    0.00000e+00
    1.28339e+21         1.81381e+11    0.00000e+00
    1.28339e+21         1.66159e+11    0.00000e+00
    1.28339e+21         1.57057e+11    0.00000e+00
    1.28339e+21         1.46844e+11    0.00000e+00
    1.28339e+21         1.35136e+11    0.00000e+00
    1.28339e+21         1.28211e+11    0.00000e+00
    1.28339e+21         1.20508e+11    0.00000e+00
    1.28339e+21         1.11779e+11    0.00000e+00
    1.28339e+21         1.01626e+11    0.00000e+00
    1.28339e+21         9.54779e+10    0.00000e+00
    1.28339e+21         8.85097e+10    0.00000e+00
    1.28339e+21         8.03979e+10    0.00000e+00
    1.28339e+21         7.54800e+10    0.00000e+00
    1.28339e+21         6.98994e+10    0.00000e+00
    1.28339e+21         6.33907e+10    0.00000e+00
    1.28339e+21         5.94331e+10    0.00000e+00
    1.28339e+21         5.49304e+10    0.00000e+00
    1.28339e+21         4.96588e+10    0.00000e+00
    1.28339e+21         4.64334e+10    0.00000e+00
    1.28339e+21         4.27442e+10    0.00000e+00
    1.28339e+21         4.05674e+10    0.00000e+00
    1.28339e+21         3.81506e+10    0.00000e+00
    1.28339e+21         3.54179e+10    0.00000e+00
    1.28339e+21         3.22472e+10    0.00000e+00
    1.28339e+21         3.03347e+10    0.00000e+00
    1.28339e+21         2.81734e+10    0.00000e+00
    1.28339e+21         2.56678e+10    0.00000e+00
    1.28339e+21         2.41585e+10    0.00000e+00
    1.28339e+21         2.24546e+10    0.00000e+00
    1.28339e+21         2.04824e+10    0.00000e+00
    1.28339e+21         1.92972e+10    0.00000e+00
    1.28339e+21         1.79620e+10    0.00000e+00
    1.28339e+21         1.64209e+10    0.00000e+00
    1.28339e+21         1.54990e+10    0.00000e+00
    1.28339e+21         1.44641e+10    0.00000e+00
    1.28339e+21         1.32757e+10    0.00000e+00
    1.28339e+21         1.25705e+10    0.00000e+00
    1.28339e+21         1.17838e+10    0.00000e+00
    1.28339e+21         1.08886e+10    0.00000e+00
    1.28339e+21         9.84020e+09    0.00000e+00
    1.28339e+21         9.19833e+09    0.00000e+00
    1.28339e+21         8.46376e+09    0.00000e+00
    1.28339e+21         8.02995e+09    0.00000e+00
    1.28339e+21         7.54801e+09    0.00000e+00
    1.28339e+21         7.00256e+09    0.00000e+00
    1.28339e+21         6.36882e+09    0.00000e+00
    1.28339e+21         5.98575e+09    0.00000e+00
    1.28339e+21         5.55208e+09    0.00000e+00
    1.28339e+21         5.04803e+09    0.00000e+00
    1.28339e+21         4.74315e+09    0.00000e+00
    1.28339e+21         4.39783e+09    0.00000e+00
    1.28339e+21         3.99614e+09    0.00000e+00
    1.28339e+21         3.75289e+09    0.00000e+00
    1.28339e+21         3.47709e+09    0.00000e+00
    1.28339e+21         3.15579e+09    0.00000e+00
    1.28339e+21         2.96077e+09    0.00000e+00
    1.28339e+21         2.73921e+09    0.00000e+00
    1.28339e+21         2.48035e+09    0.00000e+00
    1.28339e+21         2.32250e+09    0.00000e+00
    1.28339e+21         2.14247e+09    0.00000e+00
    1.28339e+21         1.93090e+09    0.00000e+00
    1.28339e+21         1.80067e+09    0.00000e+00
    1.28339e+21         1.65092e+09    0.00000e+00
    1.28339e+21         1.56184e+09    0.00000e+00
    1.28339e+21         1.46231e+09    0.00000e+00
    1.28339e+21         1.34878e+09    0.00000e+00
    1.28339e+21         1.21532e+09    0.00000e+00
    1.28339e+21         1.13314e+09    0.00000e+00
    1.28339e+21         1.03859e+09    0.00000e+00
    1.28339e+21         9.82326e+08    0.00000e+00
    1.28339e+21         9.19427e+08    0.00000e+00
    1.28339e+21         8.47628e+08    0.00000e+00
    1.28339e+21         7.63150e+08    0.00000e+00
    1.28339e+21         7.11043e+08    0.00000e+00
    1.28339e+21         6.51018e+08    0.00000e+00
    1.28339e+21         6.15215e+08    0.00000e+00
    1.28339e+21         5.75125e+08    0.00000e+00
    1.28339e+21         5.29251e+08    0.00000e+00
    1.28339e+21         5.02165e+08    0.00000e+00
    1.28339e+21         4.72079e+08    0.00000e+00
    1.28339e+21         4.38035e+08    0.00000e+00
    1.28339e+21         3.98495e+08    0.00000e+00
    1.28339e+21         3.74606e+08    0.00000e+00
    1.28339e+21         3.47574e+08    0.00000e+00
    1.28339e+21         3.16173e+08    0.00000e+00
    1.28339e+21         2.97199e+08    0.00000e+00
    1.28339e+21         2.75726e+08    0.00000e+00
    1.28339e+21         2.50777e+08    0.00000e+00
    1.28339e+21         2.35697e+08    0.00000e+00
    1.28339e+21         2.18626e+08    0.00000e+00
    1.28339e+21         1.98784e+08    0.00000e+00
    1.28339e+21         1.86784e+08    0.00000e+00
    1.28339e+21         1.73193e+08    0.00000e+00
    1.28339e+21         1.57385e+08    0.00000e+00
    1.28339e+21         1.47813e+08    0.00000e+00
    1.28339e+21         1.36962e+08    0.00000e+00
    1.28339e+21         1.24323e+08    0.00000e+00
    1.28339e+21         1.16653e+08    0.00000e+00
    1.28339e+21         1.07941e+08    0.00000e+00
    1.28339e+21         9.77670e+07    0.00000e+00
    1.28339e+21         9.15659e+07    0.00000e+00
    1.28339e+21         8.44964e+07    0.00000e+00
    1.28339e+21         7.61945e+07    0.00000e+00
    1.28339e+21         7.10898e+07    0.00000e+00
    1.28339e+21         6.52256e+07    0.00000e+00
    1.28339e+21         6.17425e+07    0.00000e+00
    1.28339e+21         5.78555e+07    0.00000e+00
    1.28339e+21         5.34285e+07    0.00000e+00
    1.28339e+21         4.82375e+07    0.00000e+00
    1.28339e+21         4.50534e+07    0.00000e+00
    1.28339e+21         4.14033e+07    0.00000e+00
    1.28339e+21         3.92422e+07    0.00000e+00
    1.28339e+21         3.68366e+07    0.00000e+00
    1.28339e+21         3.41065e+07    0.00000e+00
    1.28339e+21         3.09219e+07    0.00000e+00
    1.28339e+21         2.89847e+07    0.00000e+00
    1.28339e+21         2.67799e+07    0.00000e+00
    1.28339e+21         2.41972e+07    0.00000e+00
    1.28339e+21         2.26154e+07    0.00000e+00
    1.28339e+21         2.08046e+07    0.00000e+00
    1.28339e+21         1.97347e+07    0.00000e+00
    1.28339e+21         1.85457e+07    0.00000e+00
    1.28339e+21         1.71994e+07    0.00000e+00
    1.28339e+21         1.56340e+07    0.00000e+00
    1.28339e+21         1.46868e+07    0.00000e+00
    1.28339e+21         1.36134e+07    0.00000e+00
    1.28339e+21         1.23640e+07    0.00000e+00
    1.28339e+21         1.16067e+07    0.00000e+00
    1.28339e+21         1.07474e+07    0.00000e+00
    1.28339e+21         9.74514e+06    0.00000e+00
    1.28339e+21         9.13564e+06    0.00000e+00
    1.28339e+21         8.44209e+06    0.00000e+00
    1.28339e+21         7.62991e+06    0.00000e+00
    1.28339e+21         7.13276e+06    0.00000e+00
    1.28339e+21         6.56389e+06    0.00000e+00
    1.28339e+21         6.22802e+06    0.00000e+00
    1.28339e+21         5.85495e+06    0.00000e+00
    1.28339e+21         5.43282e+06    0.00000e+00
    1.28339e+21         4.94254e+06    0.00000e+00
    1.28339e+21         4.64636e+06    0.00000e+00
    1.28339e+21         4.31121e+06    0.00000e+00
    1.28339e+21         3.92193e+06    0.00000e+00
    1.28339e+21         3.68673e+06    0.00000e+00
    1.28339e+21         3.42056e+06    0.00000e+00
    1.28339e+21         3.11136e+06    0.00000e+00
    1.28339e+21         2.92451e+06    0.00000e+00
    1.28339e+21         2.71302e+06    0.00000e+00
    1.28339e+21         2.46726e+06    0.00000e+00
    1.28339e+21         2.31869e+06    0.00000e+00
    1.28339e+21         2.15047e+06    0.00000e+00
    1.28339e+21         1.95489e+06    0.00000e+00
    1.28339e+21         1.83656e+06    0.00000e+00
    1.28339e+21         1.70249e+06    0.00000e+00
    1.28339e+21         1.54647e+06    0.00000e+00
    1.28339e+21         1.45193e+06    0.00000e+00
    1.28339e+21         1.34467e+06    0.00000e+00
    1.28339e+21         1.21963e+06    0.00000e+00
    1.28339e+21         1.14362e+06    0.00000e+00
    1.28339e+21         1.05718e+06    0.00000e+00
    1.28339e+21         9.56028e+05    0.00000e+00
    1.28339e+21         8.94182e+05    0.00000e+00
    1.28339e+21         8.23485e+05    0.00000e+00
    1.28339e+21         7.81806e+05    0.00000e+00
    1.28339e+21         7.35565e+05    0.00000e+00
    1.28339e+21         6.83328e+05    0.00000e+00
    1.28339e+21         6.22799e+05    0.00000e+00
    1.28339e+21         5.86365e+05    0.00000e+00
    1.28339e+21         5.45264e+05    0.00000e+00
    1.28339e+21         4.97733e+05    0.00000e+00
    1.28339e+21         4.69211e+05    0.00000e+00
    1.28339e+21         4.37117e+05    0.00000e+00
    1.28339e+21         4.00137e+05    0.00000e+00
    1.28339e+21         3.78071e+05    0.00000e+00
    1.28339e+21         3.53355e+05    0.00000e+00
    1.28339e+21         3.25060e+05    0.00000e+00
    1.28339e+21         3.08342e+05    0.00000e+00
    1.28339e+21         2.89762e+05    0.00000e+00
    1.28339e+21         2.68723e+05    0.00000e+00
    1.28339e+21         2.44261e+05    0.00000e+00
    1.28339e+21         2.29458e+05    0.00000e+00
    1.28339e+21         2.12683e+05    0.00000e+00
    1.28339e+21         1.93157e+05    0.00000e+00
    1.28339e+21         1.81320e+05    0.00000e+00
    1.28339e+21         1.67888e+05    0.00000e+00
    1.28339e+21         1.52220e+05    0.00000e+00
    1.28339e+21         1.42691e+05    0.00000e+00
    1.28339e+21         1.31846e+05    0.00000e+00
    1.28339e+21         1.19144e+05    0.00000e+00
    1.28339e+21         1.11366e+05    0.00000e+00
    1.28339e+21         1.02465e+05    0.00000e+00
    1.28339e+21         9.72067e+04    0.00000e+00
    1.28339e+21         9.13647e+04    0.00000e+00
    1.28339e+21         8.47518e+04    0.00000e+00
    1.28339e+21         7.70666e+04    0.00000e+00
    1.28339e+21         7.24194e+04    0.00000e+00
    1.28339e+21         6.71566e+04    0.00000e+00
    1.28339e+21         6.10367e+04    0.00000e+00
    1.28339e+21         5.73323e+04    0.00000e+00
    1.28339e+21         5.31338e+04    0.00000e+00
    1.28339e+21         4.82456e+04    0.00000e+00
    1.28339e+21         4.52811e+04    0.00000e+00
    1.28339e+21         4.19157e+04    0.00000e+00
    1.28339e+21         3.79883e+04    0.00000e+00
    1.28339e+21         3.55975e+04    0.00000e+00
    1.28339e+21         3.28749e+04    0.00000e+00
    1.28339e+21         2.96826e+04    0.00000e+00
    1.28339e+21         2.77246e+04    0.00000e+00
    1.28339e+21         2.54804e+04    0.00000e+00
    1.28339e+21         2.41518e+04    0.00000e+00
    1.28339e+21         2.26732e+04    0.00000e+00
    1.28339e+21         2.09953e+04    0.00000e+00
    1.28339e+21         1.90386e+04    0.00000e+00
    1.28339e+21         1.78488e+04    0.00000e+00
    1.28339e+21         1.64951e+04    0.00000e+00
    1.28339e+21         1.49101e+04    0.00000e+00
    1.28339e+21         1.39401e+04    0.00000e+00
    1.28339e+21         1.28305e+04    0.00000e+00
    1.28339e+21         1.21756e+04    0.00000e+00
    1.28339e+21         1.14483e+04    0.00000e+00
    1.28339e+21         1.06257e+04    0.00000e+00
    1.28339e+21         9.67075e+03    0.00000e+00
    1.28339e+21         9.09433e+03    0.00000e+00
    1.28339e+21         8.44254e+03    0.00000e+00
    1.28339e+21         7.68621e+03    0.00000e+00
    1.28339e+21         7.22997e+03    0.00000e+00
    1.28339e+21         6.71432e+03    0.00000e+00
    1.28339e+21         6.11644e+03    0.00000e+00
    1.28339e+21         5.75619e+03    0.00000e+00
    1.28339e+21         5.34945e+03    0.00000e+00
    1.28339e+21         4.87849e+03    0.00000e+00
    1.28339e+21         4.59536e+03    0.00000e+00
    1.28339e+21         4.27626e+03    0.00000e+00
    1.28339e+21         3.90776e+03    0.00000e+00
    1.28339e+21         3.68713e+03    0.00000e+00
    1.28339e+21         3.43930e+03    0.00000e+00
    1.28339e+21         3.15446e+03    0.00000e+00
    1.28339e+21         2.98516e+03    0.00000e+00
    1.28339e+21         2.79612e+03    0.00000e+00
    1.28339e+21         2.58064e+03    0.00000e+00
    1.28339e+21         2.32768e+03    0.00000e+00
    1.28339e+21         2.17222e+03    0.00000e+00
    1.28339e+21         1.99371e+03    0.00000e+00
    1.28339e+21         1.88776e+03    0.00000e+00
    1.28339e+21         1.76958e+03    0.00000e+00
    1.28339e+21         1.63508e+03    0.00000e+00
    1.28339e+21         1.47755e+03    0.00000e+00
    1.28339e+21         1.38109e+03    0.00000e+00
    1.28339e+21         1.27069e+03    0.00000e+00
    1.28339e+21         1.20549e+03    0.00000e+00
    1.28339e+21         1.13303e+03    0.00000e+00
    1.28339e+21         1.05102e+03    0.00000e+00
    1.28339e+21         9.55700e+02    0.00000e+00
    1.28339e+21         8.98062e+02    0.00000e+00
    1.28339e+21         8.32788e+02    0.00000e+00
    1.28339e+21         7.56880e+02    0.00000e+00
    1.28339e+21         7.10932e+02    0.00000e+00
    1.28339e+21         6.58852e+02    0.00000e+00
    1.28339e+21         5.98214e+02    0.00000e+00
    1.28339e+21         5.61436e+02    0.00000e+00
    1.28339e+21         5.19683e+02    0.00000e+00
    1.28339e+21         4.70950e+02    0.00000e+00
    1.28339e+21         4.41281e+02    0.00000e+00
    1.28339e+21         4.07487e+02    0.00000e+00
    1.28339e+21         3.67856e+02    0.00000e+00
    1.28339e+21         3.43541e+02    0.00000e+00
    1.28339e+21         3.15662e+02    0.00000e+00
    1.28339e+21         2.99151e+02    0.00000e+00
    1.28339e+21         2.80768e+02    0.00000e+00
    1.28339e+21         2.59899e+02    0.00000e+00
    1.28339e+21         2.35544e+02    0.00000e+00
    1.28339e+21         2.20717e+02    0.00000e+00
    1.28339e+21         2.03832e+02    0.00000e+00
    1.28339e+21         1.84034e+02    0.00000e+00
    1.28339e+21         1.71890e+02    0.00000e+00
    1.28339e+21         1.57970e+02    0.00000e+00
    1.28339e+21         1.49730e+02    0.00000e+00
    1.28339e+21         1.40557e+02    0.00000e+00
    1.28339e+21         1.30148e+02    0.00000e+00
    1.28339e+21         1.18007e+02    0.00000e+00
    1.28339e+21         1.10624e+02    0.00000e+00
    1.28339e+21         1.02222e+02    0.00000e+00
    1.28339e+21         9.23818e+01    0.00000e+00
    1.28339e+21         8.63578e+01    0.00000e+00
    1.28339e+21         7.94642e+01    0.00000e+00
    1.28339e+21         7.53933e+01    0.00000e+00
    1.28339e+21         7.08711e+01    0.00000e+00
    1.28339e+21         6.57532e+01    0.00000e+00
    1.28339e+21         5.98077e+01    0.00000e+00
    1.28339e+21         5.62145e+01    0.00000e+00
    1.28339e+21         5.21473e+01    0.00000e+00
    1.28339e+21         4.74209e+01    0.00000e+00
    1.28339e+21         4.45632e+01    0.00000e+00
    1.28339e+21         4.13272e+01    0.00000e+00
    1.28339e+21         3.75645e+01    0.00000e+00
    1.28339e+21         3.52875e+01    0.00000e+00
    1.28339e+21         3.27070e+01    0.00000e+00
    1.28339e+21         2.97034e+01    0.00000e+00
    1.28339e+21         2.78824e+01    0.00000e+00
    1.28339e+21         2.58159e+01    0.00000e+00
    1.28339e+21         2.34053e+01    0.00000e+00
    1.28339e+21         2.19389e+01    0.00000e+00
    1.28339e+21         2.02699e+01    0.00000e+00
    1.28339e+21         1.83148e+01    0.00000e+00
    1.28339e+21         1.71174e+01    0.00000e+00
    1.28339e+21         1.57467e+01    0.00000e+00
    1.28339e+21         1.49368e+01    0.00000e+00
    1.28339e+21         1.40366e+01    0.00000e+00
    1.28339e+21         1.30174e+01    0.00000e+00
    1.28339e+21         1.18323e+01    0.00000e+00
    1.28339e+21         1.11150e+01    0.00000e+00
    1.28339e+21         1.03023e+01    0.00000e+00
    1.28339e+21         9.35622e+00    0.00000e+00
    1.28339e+21         8.78270e+00    0.00000e+00
    1.28339e+21         8.13182e+00    0.00000e+00
    1.28339e+21         7.37258e+00    0.00000e+00
    1.28339e+21         6.91075e+00    0.00000e+00
    1.28339e+21         6.38513e+00    0.00000e+00
    1.28339e+21         5.76940e+00    0.00000e+00
    1.28339e+21         5.39233e+00    0.00000e+00
    1.28339e+21         4.96067e+00    0.00000e+00
    1.28339e+21         4.70564e+00    0.00000e+00
    1.28339e+21         4.42222e+00    0.00000e+00
    1.28339e+21         4.10131e+00    0.00000e+00
    1.28339e+21         3.72822e+00    0.00000e+00
    1.28339e+21         3.50247e+00    0.00000e+00
    1.28339e+21         3.24668e+00    0.00000e+00
    1.28339e+21         2.94899e+00    0.00000e+00
    1.28339e+21         2.76858e+00    0.00000e+00
    1.28339e+21         2.56390e+00    0.00000e+00
    1.28339e+21         2.32522e+00    0.00000e+00
    1.28339e+21         2.18013e+00    0.00000e+00
    1.28339e+21         2.01509e+00    0.00000e+00
    1.28339e+21         1.82189e+00    0.00000e+00
    1.28339e+21         1.70373e+00    0.00000e+00
    1.28339e+21         1.56860e+00    0.00000e+00
    1.28339e+21         1.48889e+00    0.00000e+00
    1.28339e+21         1.40043e+00    0.00000e+00
    1.28339e+21         1.30043e+00    0.00000e+00
    1.28339e+21         1.18446e+00    0.00000e+00
    1.28339e+21         1.11456e+00    0.00000e+00
    1.28339e+21         1.03563e+00    0.00000e+00
    1.28339e+21         9.44199e-01    0.00000e+00
    1.28339e+21         8.89204e-01    0.00000e+00
    1.28339e+21         8.27195e-01    0.00000e+00
    1.28339e+21         7.55542e-01    0.00000e+00
    1.28339e+21         7.12597e-01    0.00000e+00
    1.28339e+21         6.64321e-01    0.00000e+00
    1.28339e+21         6.08773e-01    0.00000e+00
    1.28339e+21         5.75699e-01    0.00000e+00
    1.28339e+21         5.38716e-01    0.00000e+00
    1.28339e+21         4.96481e-01    0.00000e+00
    1.28339e+21         4.71617e-01    0.00000e+00
    1.28339e+21         4.44063e-01    0.00000e+00
    1.28339e+21         4.12984e-01    0.00000e+00
    1.28339e+21         3.77051e-01    0.00000e+00
    1.28339e+21         3.55496e-01    0.00000e+00
    1.28339e+21         3.31249e-01    0.00000e+00
    1.28339e+21         3.03322e-01    0.00000e+00
    1.28339e+21         2.86669e-01    0.00000e+00
    1.28339e+21         2.68025e-01    0.00000e+00
    1.28339e+21         2.46696e-01    0.00000e+00
    1.28339e+21         2.34109e-01    0.00000e+00
    1.28339e+21         2.20131e-01    0.00000e+00
    1.28339e+21         2.04322e-01    0.00000e+00
    1.28339e+21         1.85971e-01    0.00000e+00
    1.28339e+21         1.74896e-01    0.00000e+00
    1.28339e+21         1.62374e-01    0.00000e+00
    1.28339e+21         1.47846e-01    0.00000e+00
    1.28339e+21         1.39084e-01    0.00000e+00
    1.28339e+21         1.29183e-01    0.00000e+00
    1.28339e+21         1.17707e-01    0.00000e+00
    1.28339e+21         1.10795e-01    0.00000e+00
    1.28339e+21         1.02994e-01    0.00000e+00
    1.28339e+21         9.39669e-02    0.00000e+00
    1.28339e+21         8.85444e-02    0.00000e+00
    1.28339e+21         8.24373e-02    0.00000e+00
    1.28339e+21         7.53919e-02    0.00000e+00
    1.28339e+21         7.11801e-02    0.00000e+00
    1.28339e+21         6.64550e-02    0.00000e+00
    1.28339e+21         6.10341e-02    0.00000e+00
    1.28339e+21         5.78208e-02    0.00000e+00
    1.28339e+21         5.42405e-02    0.00000e+00
    1.28339e+21         5.01719e-02    0.00000e+00
    1.28339e+21         4.54166e-02    0.00000e+00
    1.28339e+21         4.25151e-02    0.00000e+00
    1.28339e+21         3.92039e-02    0.00000e+00
    1.28339e+21         3.53098e-02    0.00000e+00
    1.28339e+21         3.29097e-02    0.00000e+00
    1.28339e+21         3.01466e-02    0.00000e+00
    1.28339e+21         2.85003e-02    0.00000e+00
    1.28339e+21         2.66582e-02    0.00000e+00
    1.28339e+21         2.45528e-02    0.00000e+00
    1.28339e+21         2.33117e-02    0.00000e+00
    1.28339e+21         2.19351e-02    0.00000e+00
    1.28339e+21         2.03802e-02    0.00000e+00
    1.28339e+21         1.85790e-02    0.00000e+00
    1.28339e+21         1.74954e-02    0.00000e+00
    1.28339e+21         1.62733e-02    0.00000e+00
    1.28339e+21         1.48608e-02    0.00000e+00
    1.28339e+21         1.40139e-02    0.00000e+00
    1.28339e+21         1.30615e-02    0.00000e+00
    1.28339e+21         1.19653e-02    0.00000e+00
    1.28339e+21         1.13121e-02    0.00000e+00
    1.28339e+21         1.05813e-02    0.00000e+00
    1.28339e+21         9.74602e-03    0.00000e+00
    1.28339e+21         9.25375e-03    0.00000e+00
    1.28339e+21         8.70772e-03    0.00000e+00
    1.28339e+21         8.09106e-03    0.00000e+00
    1.28339e+21         7.37683e-03    0.00000e+00
    1.28339e+21         6.94721e-03    0.00000e+00
    1.28339e+21         6.46281e-03    0.00000e+00
    1.28339e+21         5.90307e-03    0.00000e+00
    1.28339e+21         5.56761e-03    0.00000e+00
    1.28339e+21         5.19051e-03    0.00000e+00
    1.28339e+21         4.75663e-03    0.00000e+00
    1.28339e+21         4.49831e-03    0.00000e+00
    1.28339e+21         4.20946e-03    0.00000e+00
    1.28339e+21         3.87962e-03    0.00000e+00
    1.28339e+21         3.68546e-03    0.00000e+00
    1.28339e+21         3.47030e-03    0.00000e+00
    1.28339e+21         3.22764e-03    0.00000e+00
    1.28339e+21         2.94712e-03    0.00000e+00
    1.28339e+21         2.77889e-03    0.00000e+00
    1.28339e+21         2.58967e-03    0.00000e+00
    1.28339e+21         2.37179e-03    0.00000e+00
    1.28339e+21         2.24192e-03    0.00000e+00
    1.28339e+21         2.09656e-03    0.00000e+00
    1.28339e+21         1.93035e-03    0.00000e+00
    1.28339e+21         1.83232e-03    0.00000e+00
    1.28339e+21         1.72352e-03    0.00000e+00
    1.28339e+21         1.60054e-03    0.00000e+00
    1.28339e+21         1.45795e-03    0.00000e+00
    1.28339e+21         1.37202e-03    0.00000e+00
    1.28339e+21         1.27499e-03    0.00000e+00
    1.28339e+21         1.16264e-03    0.00000e+00
    1.28339e+21         1.09508e-03    0.00000e+00
    1.28339e+21         1.01892e-03    0.00000e+00
    1.28339e+21         9.30957e-04    0.00000e+00
    1.28339e+21         8.78271e-04    0.00000e+00
    1.28339e+21         8.19075e-04    0.00000e+00
    1.28339e+21         7.51013e-04    0.00000e+00
    1.28339e+21         7.10534e-04    0.00000e+00
    1.28339e+21         6.65311e-04    0.00000e+00
    1.28339e+21         6.13732e-04    0.00000e+00
    1.28339e+21         5.53119e-04    0.00000e+00
    1.28339e+21         5.15806e-04    0.00000e+00
    1.28339e+21         4.72900e-04    0.00000e+00
    1.28339e+21         4.47377e-04    0.00000e+00
    1.28339e+21         4.18859e-04    0.00000e+00
    1.28339e+21         3.86326e-04    0.00000e+00
    1.28339e+21         3.48083e-04    0.00000e+00
    1.28339e+21         3.24528e-04    0.00000e+00
    1.28339e+21         2.97431e-04    0.00000e+00
    1.28339e+21         2.81301e-04    0.00000e+00
    1.28339e+21         2.63268e-04    0.00000e+00
    1.28339e+21         2.42681e-04    0.00000e+00
    1.28339e+21         2.18452e-04    0.00000e+00
    1.28339e+21         2.03501e-04    0.00000e+00
    1.28339e+21         1.86273e-04    0.00000e+00
    1.28339e+21         1.75992e-04    0.00000e+00
    1.28339e+21         1.64474e-04    0.00000e+00
    1.28339e+21         1.51287e-04    0.00000e+00
    1.28339e+21         1.43494e-04    0.00000e+00
    1.28339e+21         1.34831e-04    0.00000e+00
    1.28339e+21         1.25020e-04    0.00000e+00
    1.28339e+21         1.13608e-04    0.00000e+00
    1.28339e+21         1.06698e-04    0.00000e+00
    1.28339e+21         9.88647e-05    0.00000e+00
    1.28339e+21         8.97404e-05    0.00000e+00
    1.28339e+21         8.42034e-05    0.00000e+00
    1.28339e+21         7.79142e-05    0.00000e+00
    1.28339e+21         7.05687e-05    0.00000e+00
    1.28339e+21         6.60915e-05    0.00000e+00
    1.28339e+21         6.09873e-05    0.00000e+00
    1.28339e+21         5.49929e-05    0.00000e+00
    1.28339e+21         5.13067e-05    0.00000e+00
    1.28339e+21         4.70718e-05    0.00000e+00
    1.28339e+21         4.45561e-05    0.00000e+00
    1.28339e+21         4.17485e-05    0.00000e+00
    1.28339e+21         3.85504e-05    0.00000e+00
    1.28339e+21         3.47998e-05    0.00000e+00
    1.28339e+21         3.24984e-05    0.00000e+00
    1.28339e+21         2.98596e-05    0.00000e+00
    1.28339e+21         2.82967e-05    0.00000e+00
    1.28339e+21         2.65564e-05    0.00000e+00
    1.28339e+21         2.45805e-05    0.00000e+00


