9.648898620060931912e-44 1.000000000000000000e+00 0.000000000000000000e+00
1.929771932148450644e-43 1.000000000000000000e+00 0.000000000000000000e+00
3.859551656160636628e-43 1.000000000000000000e+00 0.000000000000000000e+00
7.719103312321273256e-43 1.000000000000000000e+00 0.000000000000000000e+00
1.543817545718760515e-42 1.000000000000000000e+00 0.000000000000000000e+00
3.087642883301256530e-42 1.000000000000000000e+00 0.000000000000000000e+00
6.175285766602513060e-42 1.000000000000000000e+00 0.000000000000000000e+00
1.235057153320502612e-41 1.000000000000000000e+00 0.000000000000000000e+00
2.470114306641005224e-41 1.000000000000000000e+00 0.000000000000000000e+00
4.940228613282010448e-41 1.000000000000000000e+00 0.000000000000000000e+00
9.880472810291493934e-41 1.000000000000000000e+00 0.000000000000000000e+00
1.976086770194562676e-40 1.000000000000000000e+00 0.000000000000000000e+00
3.952181332252861054e-40 1.000000000000000000e+00 0.000000000000000000e+00
7.904378248233195147e-40 1.000000000000000000e+00 0.000000000000000000e+00
1.580875649646639029e-39 1.000000000000000000e+00 0.000000000000000000e+00
3.161743507429541703e-39 1.000000000000000000e+00 0.000000000000000000e+00
6.323487014859083406e-39 1.000000000000000000e+00 0.000000000000000000e+00
1.264697402971816681e-38 1.000000000000000000e+00 0.000000000000000000e+00
2.529394805943633362e-38 1.000000000000000000e+00 0.000000000000000000e+00
5.058789611887266725e-38 1.000000000000000000e+00 0.000000000000000000e+00
1.011757922377453345e-37 1.000000000000000000e+00 0.000000000000000000e+00
2.023515844754906690e-37 1.000000000000000000e+00 0.000000000000000000e+00
4.047031689509813380e-37 1.000000000000000000e+00 0.000000000000000000e+00
8.094032211564683737e-37 1.000000000000000000e+00 0.000000000000000000e+00
1.618814234176672670e-36 1.000000000000000000e+00 0.000000000000000000e+00
3.237628468353345340e-36 1.000000000000000000e+00 0.000000000000000000e+00
6.475249144842955092e-36 1.000000000000000000e+00 0.000000000000000000e+00
1.295046712223096783e-35 1.000000000000000000e+00 0.000000000000000000e+00
2.590101216309929422e-35 1.000000000000000000e+00 0.000000000000000000e+00
5.180202432619858843e-35 1.000000000000000000e+00 0.000000000000000000e+00
1.036037369778477426e-34 1.000000000000000000e+00 0.000000000000000000e+00
2.072082531420690495e-34 1.000000000000000000e+00 0.000000000000000000e+00
4.144165062841380989e-34 1.000000000000000000e+00 0.000000000000000000e+00
8.288361293137706257e-34 1.000000000000000000e+00 0.000000000000000000e+00
1.657664466763805267e-33 1.000000000000000000e+00 0.000000000000000000e+00
3.315328933527610535e-33 1.000000000000000000e+00 0.000000000000000000e+00
6.630657867055221069e-33 1.000000000000000000e+00 0.000000000000000000e+00
1.326128456665549820e-32 1.000000000000000000e+00 0.000000000000000000e+00
2.652264705194835077e-32 1.000000000000000000e+00 0.000000000000000000e+00
5.304529410389670154e-32 1.000000000000000000e+00 0.000000000000000000e+00
1.060908998823428424e-31 1.000000000000000000e+00 0.000000000000000000e+00
2.121810205783121522e-31 1.000000000000000000e+00 0.000000000000000000e+00
4.243620411566243044e-31 1.000000000000000000e+00 0.000000000000000000e+00
8.487209655677541275e-31 1.000000000000000000e+00 0.000000000000000000e+00
1.697449722999244195e-30 1.000000000000000000e+00 0.000000000000000000e+00
3.394899445998488391e-30 1.000000000000000000e+00 0.000000000000000000e+00
6.789791100133240140e-30 1.000000000000000000e+00 0.000000000000000000e+00
1.357958220026648028e-29 1.000000000000000000e+00 0.000000000000000000e+00
2.715916440053296056e-29 1.000000000000000000e+00 0.000000000000000000e+00
5.431832880106592112e-29 1.000000000000000000e+00 0.000000000000000000e+00
1.086365017648571206e-28 1.000000000000000000e+00 0.000000000000000000e+00
2.172737827160878493e-28 1.000000000000000000e+00 0.000000000000000000e+00
4.345467862458020906e-28 1.000000000000000000e+00 0.000000000000000000e+00
8.690966892370986133e-28 1.000000000000000000e+00 0.000000000000000000e+00
1.738185586610461146e-27 1.000000000000000000e+00 0.000000000000000000e+00
3.476371173220922292e-27 1.000000000000000000e+00 0.000000000000000000e+00
6.952750138305581024e-27 1.000000000000000000e+00 0.000000000000000000e+00
1.390551586033863206e-26 1.000000000000000000e+00 0.000000000000000000e+00
2.781103172067726411e-26 1.000000000000000000e+00 0.000000000000000000e+00
5.562198552271718105e-26 1.000000000000000000e+00 0.000000000000000000e+00
1.112436593708849275e-25 1.000000000000000000e+00 0.000000000000000000e+00
2.224880979281434186e-25 1.000000000000000000e+00 0.000000000000000000e+00
4.449761958562868371e-25 1.000000000000000000e+00 0.000000000000000000e+00
8.899555084580679285e-25 1.000000000000000000e+00 0.000000000000000000e+00
1.779903225052400038e-24 1.000000000000000000e+00 0.000000000000000000e+00
3.559806450104800075e-24 1.000000000000000000e+00 0.000000000000000000e+00
7.119612900209600151e-24 1.000000000000000000e+00 0.000000000000000000e+00
1.423924138414667341e-23 1.000000000000000000e+00 0.000000000000000000e+00
2.847848276829334682e-23 1.000000000000000000e+00 0.000000000000000000e+00
5.695688761794933398e-23 1.000000000000000000e+00 0.000000000000000000e+00
1.139139310731733873e-22 1.000000000000000000e+00 0.000000000000000000e+00
2.278278621463467746e-22 1.000000000000000000e+00 0.000000000000000000e+00
4.556557242926935491e-22 1.000000000000000000e+00 0.000000000000000000e+00
9.113130069581343385e-22 1.000000000000000000e+00 0.000000000000000000e+00
1.822618222052532476e-21 1.000000000000000000e+00 0.000000000000000000e+00
3.645244235968801529e-21 1.000000000000000000e+00 0.000000000000000000e+00
7.290488471937603057e-21 1.000000000000000000e+00 0.000000000000000000e+00
1.458099252760267626e-20 1.000000000000000000e+00 0.000000000000000000e+00
2.916190713656799577e-20 1.000000000000000000e+00 0.000000000000000000e+00
5.832389219177334228e-20 1.000000000000000000e+00 0.000000000000000000e+00
1.166480960580961356e-19 1.000000000000000000e+00 0.000000000000000000e+00
2.332954129298186436e-19 1.000000000000000000e+00 0.000000000000000000e+00
4.665908258596372872e-19 1.000000000000000000e+00 0.000000000000000000e+00
9.331847684647690849e-19 1.000000000000000000e+00 0.000000000000000000e+00
1.866361745065802279e-18 1.000000000000000000e+00 0.000000000000000000e+00
3.732731281995340063e-18 1.000000000000000000e+00 0.000000000000000000e+00
7.465454772126945391e-18 1.000000000000000000e+00 0.000000000000000000e+00
1.493092512798136025e-17 1.000000000000000000e+00 0.000000000000000000e+00
2.986185025596272051e-17 1.000000000000000000e+00 0.000000000000000000e+00
5.972370051192544101e-17 1.000000000000000000e+00 0.000000000000000000e+00
1.194477126984003331e-16 1.000000000000000000e+00 0.000000000000000000e+00
2.388946462104270632e-16 1.000000000000000000e+00 0.000000000000000000e+00
4.777892924208541263e-16 1.000000000000000000e+00 0.000000000000000000e+00
9.555785848417082527e-16 1.000000000000000000e+00 0.000000000000000000e+00
1.911157169683416505e-15 1.000000000000000000e+00 0.000000000000000000e+00
3.822314339366833011e-15 1.000000000000000000e+00 0.000000000000000000e+00
7.644628678733666021e-15 1.000000000000000000e+00 0.000000000000000000e+00
1.528927294119480430e-14 1.000000000000000000e+00 0.000000000000000000e+00
3.057854588238960860e-14 1.000000000000000000e+00 0.000000000000000000e+00
6.115701384614185276e-14 1.000000000000000000e+00 0.000000000000000000e+00
1.223143393668331380e-13 1.000000000000000000e+00 0.000000000000000000e+00
2.446278995472926821e-13 1.000000000000000000e+00 0.000000000000000000e+00
4.892565782809590087e-13 1.000000000000000000e+00 0.000000000000000000e+00
9.785100398164236417e-13 1.000000000000000000e+00 0.000000000000000000e+00
1.957027871496583324e-12 1.000000000000000000e+00 0.000000000000000000e+00
3.914047951129430203e-12 1.000000000000000000e+00 0.000000000000000000e+00
7.828095902258860406e-12 1.000000000000000000e+00 0.000000000000000000e+00
1.565619180451772081e-11 1.000000000000000000e+00 0.000000000000000000e+00
3.131238360903544163e-11 1.000000000000000000e+00 0.000000000000000000e+00
6.262476721807088325e-11 1.000000000000000000e+00 0.000000000000000000e+00
1.252495344361417665e-10 1.000000000000000000e+00 0.000000000000000000e+00
2.504990688722835330e-10 1.000000000000000000e+00 0.000000000000000000e+00
5.009981377445670660e-10 1.000000000000000000e+00 0.000000000000000000e+00
1.001994717116387076e-09 1.000000000000000000e+00 0.000000000000000000e+00
2.003997226096509846e-09 1.000000000000000000e+00 0.000000000000000000e+00
4.007986660329283998e-09 1.000000000000000000e+00 0.000000000000000000e+00
8.015957736931096607e-09 1.000000000000000000e+00 0.000000000000000000e+00
1.603191547386219321e-08 1.000000000000000000e+00 0.000000000000000000e+00
3.206390886636174172e-08 1.000000000000000000e+00 0.000000000000000000e+00
6.412781773272348343e-08 1.000000000000000000e+00 0.000000000000000000e+00
1.282556354654469669e-07 1.000000000000000000e+00 0.000000000000000000e+00
2.565112709308939337e-07 1.000000000000000000e+00 0.000000000000000000e+00
5.130225418617878675e-07 1.000000000000000000e+00 0.000000000000000000e+00
1.026048200469070052e-06 1.000000000000000000e+00 0.000000000000000000e+00
2.052088609074404523e-06 9.999989999999999712e-01 0.000000000000000000e+00
4.104177218148809046e-06 9.999989999999999712e-01 0.000000000000000000e+00
8.208338852570145233e-06 9.999970000000000248e-01 0.000000000000000000e+00
1.641667770514029047e-05 9.999949999999999672e-01 0.000000000000000000e+00
3.283343332891794353e-05 9.999900000000000455e-01 0.000000000000000000e+00
6.566686665783588706e-05 9.999789999999999512e-01 0.000000000000000000e+00
1.313334216411223237e-04 9.999580000000000135e-01 0.000000000000000000e+00
2.626676224686182734e-04 9.999169999999999447e-01 0.000000000000000000e+00
5.253352449372365469e-04 9.998340000000000005e-01 0.000000000000000000e+00
1.050670489874473094e-03 9.996669999999999723e-01 0.000000000000000000e+00
2.101340979748946187e-03 9.993339999999999446e-01 0.000000000000000000e+00
4.202681959497892375e-03 9.986680000000000001e-01 0.000000000000000000e+00
8.405395086450728054e-03 9.973330000000000251e-01 0.000000000000000000e+00
1.681071225426409785e-02 9.946549999999999558e-01 0.000000000000000000e+00
3.362142450852819570e-02 9.892600000000000282e-01 0.000000000000000000e+00
6.724284901705639139e-02 9.783230000000000537e-01 0.000000000000000000e+00
1.008641176883098567e-01 9.670750000000000179e-01 0.000000000000000000e+00
1.344860097086622019e-01 9.554949999999999832e-01 0.000000000000000000e+00
1.681071225426409577e-01 9.435609999999999831e-01 0.000000000000000000e+00
2.017282353766197134e-01 9.312470000000000470e-01 0.000000000000000000e+00
2.353501273969720586e-01 9.185299999999999576e-01 0.000000000000000000e+00
2.689712402309508699e-01 9.053780000000000161e-01 0.000000000000000000e+00
3.025931322513031319e-01 8.917549999999999644e-01 0.000000000000000000e+00
3.362142450852819153e-01 8.776230000000000420e-01 0.000000000000000000e+00
3.698361371056342883e-01 8.629550000000000276e-01 0.000000000000000000e+00
4.034572499396130163e-01 8.477179999999999715e-01 0.000000000000000000e+00
4.370783627735917998e-01 8.318600000000000438e-01 0.000000000000000000e+00
4.707002547939441173e-01 8.153150000000000119e-01 0.000000000000000000e+00
5.043213676279229007e-01 7.979810000000000514e-01 0.000000000000000000e+00
5.379432596482752738e-01 7.797619999999999552e-01 0.000000000000000000e+00
5.715643724822540017e-01 7.605490000000000306e-01 0.000000000000000000e+00
6.051854853162327297e-01 7.402229999999999643e-01 0.000000000000000000e+00
6.388073773365851027e-01 7.186190000000000078e-01 0.000000000000000000e+00
6.724284901705638307e-01 6.955839999999999801e-01 0.000000000000000000e+00
7.060503821909162037e-01 6.708880000000000399e-01 0.000000000000000000e+00
7.396714950248950426e-01 6.441789999999999461e-01 0.000000000000000000e+00
7.732926078588737706e-01 6.150170000000000359e-01 0.000000000000000000e+00
8.069176166247205018e-01 5.828250000000000375e-01 0.000000000000000000e+00
8.405395086450727637e-01 5.468180000000000263e-01 0.000000000000000000e+00
8.741536088016892414e-01 5.056910000000000016e-01 0.000000000000000000e+00
9.077755008220416144e-01 4.573280000000000123e-01 0.000000000000000000e+00
9.245903427640856931e-01 4.276389999999999914e-01 0.000000000000000000e+00
9.413973928423938764e-01 3.935949999999999727e-01 0.000000000000000000e+00
9.498048138134159712e-01 3.734540000000000082e-01 0.000000000000000000e+00
9.582122347844380661e-01 3.510630000000000139e-01 0.000000000000000000e+00
9.666196557554601609e-01 3.256970000000000143e-01 0.000000000000000000e+00
9.750192848627462494e-01 2.961949999999999861e-01 0.000000000000000000e+00
9.792268912801251890e-01 2.783450000000000091e-01 0.000000000000000000e+00
9.834267058337683443e-01 2.581220000000000181e-01 0.000000000000000000e+00
9.876265203874114995e-01 2.345980000000000010e-01 0.000000000000000000e+00
9.897303235961008028e-01 2.203529999999999933e-01 0.000000000000000000e+00
9.918341268047904391e-01 2.042039999999999966e-01 0.000000000000000000e+00
9.939301381497439580e-01 1.853970000000000062e-01 0.000000000000000000e+00
9.949820397540888317e-01 1.739860000000000018e-01 0.000000000000000000e+00
9.960339413584335944e-01 1.610280000000000045e-01 0.000000000000000000e+00
9.970858429627781350e-01 1.458979999999999999e-01 0.000000000000000000e+00
9.976078978330826796e-01 1.366779999999999939e-01 0.000000000000000000e+00
9.981377445671230086e-01 1.261690000000000034e-01 0.000000000000000000e+00
9.986597994374274423e-01 1.138210000000000055e-01 0.000000000000000000e+00
9.989247228044474403e-01 1.062160000000000049e-01 0.000000000000000000e+00
9.991896461714677713e-01 9.745030000000000359e-02 0.000000000000000000e+00
9.993221078549777703e-01 9.220839999999999592e-02 0.000000000000000000e+00
9.994467776747519849e-01 8.632560000000000233e-02 0.000000000000000000e+00
9.995792393582619839e-01 7.956180000000000196e-02 0.000000000000000000e+00
9.996493661318851531e-01 7.552490000000000592e-02 0.000000000000000000e+00
9.997117010417722049e-01 7.100299999999999667e-02 0.000000000000000000e+00
9.997818278153951521e-01 6.580279999999999463e-02 0.000000000000000000e+00
9.998441627252823150e-01 5.958190000000000014e-02 0.000000000000000000e+00
9.998753301802257853e-01 5.565069999999999739e-02 0.000000000000000000e+00
9.999064976351693668e-01 5.099000000000000060e-02 0.000000000000000000e+00
9.999220813626410465e-01 4.811490000000000211e-02 0.000000000000000000e+00
9.999454569538487325e-01 4.479110000000000036e-02 0.000000000000000000e+00
9.999610406813206342e-01 4.081859999999999655e-02 0.000000000000000000e+00
9.999688325450564186e-01 3.833620000000000083e-02 0.000000000000000000e+00
9.999766244087923139e-01 3.545050000000000284e-02 0.000000000000000000e+00
9.999844162725280983e-01 3.196670000000000067e-02 0.000000000000000000e+00
9.999844162725280983e-01 2.975449999999999970e-02 0.000000000000000000e+00
9.999922081362639936e-01 2.714300000000000046e-02 0.000000000000000000e+00
9.999922081362639936e-01 2.554179999999999992e-02 0.000000000000000000e+00
9.999922081362639936e-01 2.371639999999999859e-02 0.000000000000000000e+00
1.000000000000000000e+00 2.157670000000000074e-02 0.000000000000000000e+00
1.1 0.0 0.0
