-7.000000000000000000e+02 4.770354337668746325e+01
-6.892892892892892860e+02 4.733713033810781212e+01
-6.785785785785785720e+02 4.696785746759961455e+01
-6.678678678678678580e+02 4.659565783978796816e+01
-6.571571571571571440e+02 4.622045977093242186e+01
-6.464464464464464299e+02 4.584219037092632476e+01
-6.357357357357357159e+02 4.546077222386433903e+01
-6.250250250250250019e+02 4.507612586585972281e+01
-6.143143143143142879e+02 4.468816771310833502e+01
-6.036036036036035739e+02 4.429681068172141067e+01
-5.928928928928928599e+02 4.390196376970845904e+01
-5.821821821821821459e+02 4.350353193312562183e+01
-5.714714714714714319e+02 4.310141565413936604e+01
-5.607607607607608315e+02 4.271430929855809921e+01
-5.500500500500500038e+02 4.297657349201264054e+01
-5.393393393393394035e+02 4.171651302616603374e+01
-5.286286286286285758e+02 4.084579922569029264e+01
-5.179179179179179755e+02 4.103173827929806095e+01
-5.072072072072072046e+02 4.060513933056112279e+01
-4.964964964964964906e+02 4.017400840171824683e+01
-4.857857857857857766e+02 3.973819762775571007e+01
-4.750750750750751195e+02 3.929755118356713695e+01
-4.643643643643644054e+02 3.885190374219769893e+01
-4.536536536536536914e+02 3.840108279209402298e+01
-4.429429429429429774e+02 3.794490184412586586e+01
-4.322322322322322634e+02 3.748316552487808906e+01
-4.215215215215215494e+02 3.701566567186738865e+01
-4.108108108108108354e+02 3.654218069767771482e+01
-4.001001001001001214e+02 3.606247447750493507e+01
-3.893893893893894074e+02 3.557629491737566951e+01
-3.786786786786786934e+02 3.508337242621753660e+01
-3.679679679679679793e+02 3.458341785446916816e+01
-3.572572572572572653e+02 3.407612155653027486e+01
-3.465465465465465513e+02 3.356114943354381097e+01
-3.358358358358358373e+02 3.303814232652191407e+01
-3.251251251251251233e+02 3.250670987237286624e+01
-3.144144144144144093e+02 3.196643226278905203e+01
-3.037037037037036953e+02 3.141685120251121432e+01
-2.929929929929929813e+02 3.085746828706974298e+01
-2.822822822822822673e+02 3.028773818782122618e+01
-2.715715715715715532e+02 2.970706353704411740e+01
-2.608608608608608961e+02 2.911478673053187194e+01
-2.501501501501501821e+02 2.851018150320251365e+01
-2.394394394394394681e+02 2.789244213157389751e+01
-2.287287287287287540e+02 2.726067093367804972e+01
-2.180180180180180400e+02 2.661386242188224216e+01
-2.073073073073073260e+02 2.595088487045395098e+01
-1.965965965965966120e+02 2.527045603570501342e+01
-1.858858858858859548e+02 2.457111393506867714e+01
-1.751751751751752408e+02 2.385118338971131990e+01
-1.644644644644645268e+02 2.310870624880563895e+01
-1.537537537537538128e+02 2.234142088382340674e+01
-1.430430430430430988e+02 2.154663539026279651e+01
-1.323323323323323848e+02 2.072113500466651104e+01
-1.216216216216216708e+02 1.986102012790826166e+01
-1.109109109109109568e+02 1.896148219786689637e+01
-1.002002002002002428e+02 1.801647688702552230e+01
-8.948948948948952875e+01 1.701822822307516958e+01
-7.877877877877881474e+01 1.595645153175517983e+01
-6.806806806806810073e+01 1.481706998008072951e+01
-5.735735735735738672e+01 1.357997462740557459e+01
-4.664664664664667271e+01 1.221482497903051723e+01
-3.593593593593595870e+01 1.067242712223043277e+01
-2.522522522522524469e+01 8.864751309101318810e+00
-1.451451451451453067e+01 6.609937867565755631e+00
-3.803803803803816663e+00 3.437738478971714695e+00
6.906906906906897348e+00 6.949894800711574616e-01
1.761761761761761136e+01 2.408998158944855028e-01
2.832832832832832537e+01 1.035437807831496720e-01
3.903903903903903938e+01 4.995811435952749596e-02
4.974974974974975339e+01 2.600747745046795914e-02
6.046046046046046740e+01 1.430740206750994586e-02
7.117117117117118141e+01 8.213154555964269701e-03
8.188188188188189542e+01 4.878766157633978445e-03
9.259259259259260944e+01 2.981243824248486045e-03
1.033033033033033234e+02 1.865872448358397908e-03
1.140140140140140375e+02 1.192119845729935033e-03
1.247247247247247515e+02 7.754943296417423412e-04
1.354354354354354655e+02 5.125651363494204520e-04
1.461461461461461795e+02 3.436276839828147174e-04
1.568568568568568935e+02 2.333344601034032656e-04
1.675675675675674938e+02 1.602884041055746263e-04
1.782782782782782078e+02 1.112796831521986455e-04
1.889889889889889218e+02 7.800819431817370992e-05
1.996996996996996359e+02 5.517540231132747386e-05
2.104104104104103499e+02 3.934988753169974381e-05
2.211211211211210639e+02 2.828006391778868504e-05
2.318318318318317779e+02 2.047063517512144541e-05
2.425425425425424919e+02 1.491749051044099372e-05
2.532532532532532059e+02 1.093941787065800786e-05
2.639639639639639199e+02 8.069842409051947903e-06
2.746746746746746339e+02 5.986348745577715301e-06
2.853853853853853479e+02 4.464291818145899247e-06
2.960960960960960620e+02 3.345921062099899464e-06
3.068068068068067760e+02 2.519654959011550964e-06
3.175175175175174900e+02 1.906019451724631165e-06
3.282282282282280903e+02 1.448041193906670183e-06
3.389389389389389180e+02 1.104630163196173911e-06
3.496496496496495183e+02 8.459689803985405988e-07
3.603603603603603460e+02 6.503107502264956294e-07
3.710710710710709463e+02 5.017035487247863518e-07
3.817817817817817740e+02 3.883913852929937196e-07
3.924924924924923744e+02 3.016663819769221958e-07
4.032032032032032021e+02 2.350530804242568395e-07
4.139139139139138024e+02 1.837113943573465737e-07
4.246246246246246301e+02 1.440079486586071576e-07
4.353353353353352304e+02 1.132058366625185743e-07
4.460460460460460581e+02 8.923570126168649441e-08
4.567567567567566584e+02 7.052825328670383033e-08
4.674674674674674861e+02 5.588593738427810716e-08
4.781781781781780865e+02 4.439249104976225829e-08
4.888888888888889142e+02 3.534792942757760665e-08
4.995995995995995145e+02 2.821150089204888467e-08
5.103103103103103422e+02 2.256619943069620839e-08
5.210210210210209425e+02 1.808543602987269757e-08
5.317317317317317702e+02 1.452845073540746201e-08
5.424424424424423705e+02 1.171474457204064579e-08
5.531531531531531982e+02 9.451803167291348932e-09
5.638638638638637985e+02 7.641020902794618558e-09
5.745745745745746262e+02 6.188513274712559674e-09
5.852852852852852266e+02 5.021522927932881304e-09
5.959959959959960543e+02 4.085499212014905268e-09
6.067067067067066546e+02 3.330303767224451299e-09
6.174174174174174823e+02 2.711358347062574860e-09
6.281281281281280826e+02 2.215056758130429170e-09
6.388388388388389103e+02 1.812853932188813509e-09
6.495495495495495106e+02 1.485863206370638465e-09
6.602602602602603383e+02 1.219718662405005327e-09
6.709709709709709387e+02 1.002764352615876073e-09
6.816816816816815390e+02 8.256988556862770327e-10
6.923923923923923667e+02 6.807960445956284427e-10
7.031031031031029670e+02 5.623312552440849389e-10
7.138138138138137947e+02 4.647172886206698646e-10
7.245245245245243950e+02 3.847933041387339222e-10
7.352352352352352227e+02 3.192072062300228806e-10
7.459459459459458230e+02 2.646112328816793732e-10
7.566566566566566507e+02 2.202653910973567680e-10
7.673673673673672511e+02 1.831523511296869296e-10
7.780780780780780788e+02 1.525299194028214235e-10
7.887887887887886791e+02 1.271655062610261117e-10
7.994994994994995068e+02 1.062665113587584881e-10
8.102102102102101071e+02 8.887817569116095274e-11
8.209209209209209348e+02 7.459291663593885983e-11
8.316316316316315351e+02 6.246426653527399355e-11
8.423423423423423628e+02 5.230505765515224301e-11
8.530530530530529632e+02 4.376796816257245979e-11
8.637637637637637908e+02 3.704225371882184308e-11
8.744744744744743912e+02 3.122451681381368327e-11
8.851851851851852189e+02 2.605677540037746390e-11
8.958958958958958192e+02 2.190248844036915251e-11
9.066066066066066469e+02 1.861664468213084174e-11
9.173173173173172472e+02 1.578457151454616344e-11
9.280280280280280749e+02 1.322156009128317042e-11
9.387387387387386752e+02 1.139240967006076536e-11
9.494494494494495029e+02 9.399097798120032279e-12
9.601601601601601033e+02 7.963962698549851279e-12
9.708708708708709310e+02 6.719951336089940815e-12
9.815815815815815313e+02 5.939609222495179904e-12
9.922922922922923590e+02 4.951886865789447307e-12
1.003003003003002959e+03 4.060684581212285774e-12
1.013713713713713787e+03 3.611897255875395648e-12
1.024424424424424387e+03 2.862345010725814479e-12
1.035135135135134988e+03 2.530557737092503668e-12
1.045845845845845815e+03 2.291831498286359245e-12
1.056556556556556416e+03 2.058156341132653419e-12
1.067267267267267243e+03 1.453678477276610315e-12
1.077977977977977844e+03 1.311453225732397018e-12
1.088688688688688671e+03 1.188249800922381100e-12
1.099399399399399272e+03 1.074886547873439920e-12
1.110110110110110099e+03 9.597515399182959472e-13
1.120820820820820700e+03 8.625320993967288204e-13
1.131531531531531527e+03 8.380797265997446280e-13
1.142242242242242128e+03 3.499701502099644887e-13
1.152952952952952955e+03 3.258559097636170130e-13
1.163663663663663556e+03 2.366403127440849924e-13
1.174374374374374383e+03 2.336711340203251597e-13
1.185085085085084984e+03 2.108874103380835670e-13
1.195795795795795812e+03 1.390827398718809722e-13
1.206506506506506412e+03 1.210065549364986175e-13
1.217217217217217240e+03 1.203771522480079689e-13
1.227927927927927840e+03 1.139592401543701449e-13
1.238638638638638668e+03 9.692817018371343470e-14
1.249349349349349268e+03 9.692817018371343470e-14
1.260060060060060096e+03 9.218477574329190378e-14
1.270770770770770696e+03 8.921559701953197016e-14
1.281481481481481524e+03 2.344898206429453736e-14
1.292192192192192124e+03 2.344898206429453736e-14
1.302902902902902952e+03 2.344898206429453736e-14
1.313613613613613552e+03 2.344898206429453736e-14
1.324324324324324380e+03 7.712573164181456659e-15
1.335035035035034980e+03 2.969178723759934020e-15
1.345745745745745808e+03 6.294026884906511708e-16
1.356456456456456181e+03 0.000000000000000000e+00
1.367167167167167008e+03 0.000000000000000000e+00
1.377877877877877836e+03 0.000000000000000000e+00
1.388588588588588664e+03 0.000000000000000000e+00
1.399299299299299037e+03 0.000000000000000000e+00
1.410010010010009864e+03 0.000000000000000000e+00
1.420720720720720692e+03 0.000000000000000000e+00
1.431431431431431520e+03 0.000000000000000000e+00
1.442142142142141893e+03 0.000000000000000000e+00
1.452852852852852720e+03 0.000000000000000000e+00
1.463563563563563548e+03 0.000000000000000000e+00
1.474274274274274376e+03 0.000000000000000000e+00
1.484984984984984749e+03 0.000000000000000000e+00
1.495695695695695576e+03 0.000000000000000000e+00
1.506406406406406404e+03 0.000000000000000000e+00
1.517117117117117232e+03 0.000000000000000000e+00
1.527827827827827605e+03 0.000000000000000000e+00
1.538538538538538432e+03 0.000000000000000000e+00
1.549249249249249260e+03 0.000000000000000000e+00
1.559959959959960088e+03 0.000000000000000000e+00
1.570670670670670461e+03 0.000000000000000000e+00
1.581381381381381289e+03 0.000000000000000000e+00
1.592092092092092116e+03 0.000000000000000000e+00
1.602802802802802944e+03 0.000000000000000000e+00
1.613513513513513317e+03 0.000000000000000000e+00
1.624224224224224145e+03 0.000000000000000000e+00
1.634934934934934972e+03 0.000000000000000000e+00
1.645645645645645800e+03 0.000000000000000000e+00
1.656356356356356173e+03 0.000000000000000000e+00
1.667067067067067001e+03 0.000000000000000000e+00
1.677777777777777828e+03 0.000000000000000000e+00
1.688488488488488656e+03 0.000000000000000000e+00
1.699199199199199029e+03 0.000000000000000000e+00
1.709909909909909857e+03 0.000000000000000000e+00
1.720620620620620684e+03 0.000000000000000000e+00
1.731331331331331057e+03 0.000000000000000000e+00
1.742042042042041885e+03 0.000000000000000000e+00
1.752752752752752713e+03 0.000000000000000000e+00
1.763463463463463540e+03 0.000000000000000000e+00
1.774174174174173913e+03 0.000000000000000000e+00
1.784884884884884741e+03 0.000000000000000000e+00
1.795595595595595569e+03 0.000000000000000000e+00
1.806306306306306396e+03 0.000000000000000000e+00
1.817017017017016769e+03 0.000000000000000000e+00
1.827727727727727597e+03 0.000000000000000000e+00
1.838438438438438425e+03 0.000000000000000000e+00
1.849149149149149252e+03 0.000000000000000000e+00
1.859859859859859625e+03 0.000000000000000000e+00
1.870570570570570453e+03 0.000000000000000000e+00
1.881281281281281281e+03 0.000000000000000000e+00
1.891991991991992109e+03 0.000000000000000000e+00
1.902702702702702481e+03 0.000000000000000000e+00
1.913413413413413309e+03 0.000000000000000000e+00
1.924124124124124137e+03 0.000000000000000000e+00
1.934834834834834965e+03 0.000000000000000000e+00
1.945545545545545338e+03 0.000000000000000000e+00
1.956256256256256165e+03 0.000000000000000000e+00
1.966966966966966993e+03 0.000000000000000000e+00
1.977677677677677821e+03 0.000000000000000000e+00
1.988388388388388194e+03 0.000000000000000000e+00
1.999099099099099021e+03 0.000000000000000000e+00
2.009809809809809849e+03 0.000000000000000000e+00
2.020520520520520677e+03 0.000000000000000000e+00
2.031231231231231050e+03 0.000000000000000000e+00
2.041941941941941877e+03 0.000000000000000000e+00
2.052652652652652705e+03 0.000000000000000000e+00
2.063363363363363078e+03 0.000000000000000000e+00
2.074074074074073906e+03 0.000000000000000000e+00
2.084784784784784733e+03 0.000000000000000000e+00
2.095495495495495561e+03 0.000000000000000000e+00
2.106206206206205934e+03 0.000000000000000000e+00
2.116916916916916762e+03 0.000000000000000000e+00
2.127627627627627589e+03 0.000000000000000000e+00
2.138338338338338417e+03 0.000000000000000000e+00
2.149049049049048790e+03 0.000000000000000000e+00
2.159759759759759618e+03 0.000000000000000000e+00
2.170470470470470445e+03 0.000000000000000000e+00
2.181181181181181273e+03 0.000000000000000000e+00
2.191891891891891646e+03 0.000000000000000000e+00
2.202602602602602474e+03 0.000000000000000000e+00
2.213313313313313301e+03 0.000000000000000000e+00
2.224024024024024129e+03 0.000000000000000000e+00
2.234734734734734502e+03 0.000000000000000000e+00
2.245445445445445330e+03 0.000000000000000000e+00
2.256156156156156158e+03 0.000000000000000000e+00
2.266866866866866985e+03 0.000000000000000000e+00
2.277577577577577358e+03 0.000000000000000000e+00
2.288288288288288186e+03 0.000000000000000000e+00
2.298998998998999014e+03 0.000000000000000000e+00
2.309709709709709841e+03 0.000000000000000000e+00
2.320420420420420214e+03 0.000000000000000000e+00
2.331131131131131042e+03 0.000000000000000000e+00
2.341841841841841870e+03 0.000000000000000000e+00
2.352552552552552697e+03 0.000000000000000000e+00
2.363263263263263070e+03 0.000000000000000000e+00
2.373973973973973898e+03 0.000000000000000000e+00
2.384684684684684726e+03 0.000000000000000000e+00
2.395395395395395099e+03 0.000000000000000000e+00
2.406106106106105926e+03 0.000000000000000000e+00
2.416816816816816754e+03 0.000000000000000000e+00
2.427527527527527582e+03 0.000000000000000000e+00
2.438238238238237955e+03 0.000000000000000000e+00
2.448948948948948782e+03 0.000000000000000000e+00
2.459659659659659610e+03 0.000000000000000000e+00
2.470370370370370438e+03 0.000000000000000000e+00
2.481081081081080811e+03 0.000000000000000000e+00
2.491791791791791638e+03 0.000000000000000000e+00
2.502502502502502466e+03 0.000000000000000000e+00
2.513213213213213294e+03 0.000000000000000000e+00
2.523923923923923667e+03 0.000000000000000000e+00
2.534634634634634494e+03 0.000000000000000000e+00
2.545345345345345322e+03 0.000000000000000000e+00
2.556056056056056150e+03 0.000000000000000000e+00
2.566766766766766523e+03 0.000000000000000000e+00
2.577477477477477350e+03 0.000000000000000000e+00
2.588188188188188178e+03 0.000000000000000000e+00
2.598898898898899006e+03 0.000000000000000000e+00
2.609609609609609379e+03 0.000000000000000000e+00
2.620320320320320207e+03 0.000000000000000000e+00
2.631031031031031034e+03 0.000000000000000000e+00
2.641741741741741862e+03 0.000000000000000000e+00
2.652452452452452235e+03 0.000000000000000000e+00
2.663163163163163063e+03 0.000000000000000000e+00
2.673873873873873890e+03 0.000000000000000000e+00
2.684584584584584718e+03 0.000000000000000000e+00
2.695295295295295091e+03 0.000000000000000000e+00
2.706006006006005919e+03 0.000000000000000000e+00
2.716716716716716746e+03 0.000000000000000000e+00
2.727427427427427574e+03 0.000000000000000000e+00
2.738138138138137947e+03 0.000000000000000000e+00
2.748848848848848775e+03 0.000000000000000000e+00
2.759559559559559602e+03 0.000000000000000000e+00
2.770270270270269975e+03 0.000000000000000000e+00
2.780980980980980803e+03 0.000000000000000000e+00
2.791691691691691631e+03 0.000000000000000000e+00
2.802402402402402458e+03 0.000000000000000000e+00
2.813113113113112831e+03 0.000000000000000000e+00
2.823823823823823659e+03 0.000000000000000000e+00
2.834534534534534487e+03 0.000000000000000000e+00
2.845245245245245314e+03 0.000000000000000000e+00
2.855955955955955687e+03 0.000000000000000000e+00
2.866666666666666515e+03 0.000000000000000000e+00
2.877377377377377343e+03 0.000000000000000000e+00
2.888088088088088170e+03 0.000000000000000000e+00
2.898798798798798543e+03 0.000000000000000000e+00
2.909509509509509371e+03 0.000000000000000000e+00
2.920220220220220199e+03 0.000000000000000000e+00
2.930930930930931027e+03 0.000000000000000000e+00
2.941641641641641399e+03 0.000000000000000000e+00
2.952352352352352227e+03 0.000000000000000000e+00
2.963063063063063055e+03 0.000000000000000000e+00
2.973773773773773883e+03 0.000000000000000000e+00
2.984484484484484256e+03 0.000000000000000000e+00
2.995195195195195083e+03 0.000000000000000000e+00
3.005905905905905911e+03 0.000000000000000000e+00
3.016616616616616739e+03 0.000000000000000000e+00
3.027327327327327112e+03 0.000000000000000000e+00
3.038038038038037939e+03 0.000000000000000000e+00
3.048748748748748767e+03 0.000000000000000000e+00
3.059459459459459595e+03 0.000000000000000000e+00
3.070170170170169968e+03 0.000000000000000000e+00
3.080880880880880795e+03 0.000000000000000000e+00
3.091591591591591623e+03 0.000000000000000000e+00
3.102302302302301996e+03 0.000000000000000000e+00
3.113013013013012824e+03 0.000000000000000000e+00
3.123723723723723651e+03 0.000000000000000000e+00
3.134434434434434479e+03 0.000000000000000000e+00
3.145145145145144852e+03 0.000000000000000000e+00
3.155855855855855680e+03 0.000000000000000000e+00
3.166566566566566507e+03 0.000000000000000000e+00
3.177277277277277335e+03 0.000000000000000000e+00
3.187987987987987708e+03 0.000000000000000000e+00
3.198698698698698536e+03 0.000000000000000000e+00
3.209409409409409363e+03 0.000000000000000000e+00
3.220120120120120191e+03 0.000000000000000000e+00
3.230830830830830564e+03 0.000000000000000000e+00
3.241541541541541392e+03 0.000000000000000000e+00
3.252252252252252219e+03 0.000000000000000000e+00
3.262962962962963047e+03 0.000000000000000000e+00
3.273673673673673420e+03 0.000000000000000000e+00
3.284384384384384248e+03 0.000000000000000000e+00
3.295095095095095076e+03 0.000000000000000000e+00
3.305805805805805903e+03 0.000000000000000000e+00
3.316516516516516276e+03 0.000000000000000000e+00
3.327227227227227104e+03 0.000000000000000000e+00
3.337937937937937932e+03 0.000000000000000000e+00
3.348648648648648759e+03 0.000000000000000000e+00
3.359359359359359132e+03 0.000000000000000000e+00
3.370070070070069960e+03 0.000000000000000000e+00
3.380780780780780788e+03 0.000000000000000000e+00
3.391491491491491615e+03 0.000000000000000000e+00
3.402202202202201988e+03 0.000000000000000000e+00
3.412912912912912361e+03 0.000000000000000000e+00
3.423623623623623644e+03 0.000000000000000000e+00
3.434334334334334017e+03 0.000000000000000000e+00
3.445045045045045299e+03 0.000000000000000000e+00
3.455755755755755672e+03 0.000000000000000000e+00
3.466466466466466045e+03 0.000000000000000000e+00
3.477177177177177327e+03 0.000000000000000000e+00
3.487887887887887700e+03 0.000000000000000000e+00
3.498598598598598073e+03 0.000000000000000000e+00
3.509309309309309356e+03 0.000000000000000000e+00
3.520020020020019729e+03 0.000000000000000000e+00
3.530730730730731011e+03 0.000000000000000000e+00
3.541441441441441384e+03 0.000000000000000000e+00
3.552152152152151757e+03 0.000000000000000000e+00
3.562862862862863039e+03 0.000000000000000000e+00
3.573573573573573412e+03 0.000000000000000000e+00
3.584284284284283785e+03 0.000000000000000000e+00
3.594994994994995068e+03 0.000000000000000000e+00
3.605705705705705441e+03 0.000000000000000000e+00
3.616416416416416723e+03 0.000000000000000000e+00
3.627127127127127096e+03 0.000000000000000000e+00
3.637837837837837469e+03 0.000000000000000000e+00
3.648548548548548752e+03 0.000000000000000000e+00
3.659259259259259125e+03 0.000000000000000000e+00
3.669969969969969497e+03 0.000000000000000000e+00
3.680680680680680780e+03 0.000000000000000000e+00
3.691391391391391153e+03 0.000000000000000000e+00
3.702102102102102435e+03 0.000000000000000000e+00
3.712812812812812808e+03 0.000000000000000000e+00
3.723523523523523181e+03 0.000000000000000000e+00
3.734234234234234464e+03 0.000000000000000000e+00
3.744944944944944837e+03 0.000000000000000000e+00
3.755655655655655210e+03 0.000000000000000000e+00
3.766366366366366492e+03 0.000000000000000000e+00
3.777077077077076865e+03 0.000000000000000000e+00
3.787787787787787238e+03 0.000000000000000000e+00
3.798498498498498520e+03 0.000000000000000000e+00
3.809209209209208893e+03 0.000000000000000000e+00
3.819919919919920176e+03 0.000000000000000000e+00
3.830630630630630549e+03 0.000000000000000000e+00
3.841341341341340922e+03 0.000000000000000000e+00
3.852052052052052204e+03 0.000000000000000000e+00
3.862762762762762577e+03 0.000000000000000000e+00
3.873473473473472950e+03 0.000000000000000000e+00
3.884184184184184232e+03 0.000000000000000000e+00
3.894894894894894605e+03 0.000000000000000000e+00
3.905605605605605888e+03 0.000000000000000000e+00
3.916316316316316261e+03 0.000000000000000000e+00
3.927027027027026634e+03 0.000000000000000000e+00
3.937737737737737916e+03 0.000000000000000000e+00
3.948448448448448289e+03 0.000000000000000000e+00
3.959159159159158662e+03 0.000000000000000000e+00
3.969869869869869945e+03 0.000000000000000000e+00
3.980580580580580317e+03 0.000000000000000000e+00
3.991291291291291600e+03 0.000000000000000000e+00
4.002002002002001973e+03 0.000000000000000000e+00
4.012712712712712346e+03 0.000000000000000000e+00
4.023423423423423628e+03 0.000000000000000000e+00
4.034134134134134001e+03 0.000000000000000000e+00
4.044844844844844374e+03 0.000000000000000000e+00
4.055555555555555657e+03 0.000000000000000000e+00
4.066266266266266030e+03 0.000000000000000000e+00
4.076976976976977312e+03 0.000000000000000000e+00
4.087687687687687685e+03 0.000000000000000000e+00
4.098398398398398058e+03 0.000000000000000000e+00
4.109109109109109340e+03 0.000000000000000000e+00
4.119819819819819713e+03 0.000000000000000000e+00
4.130530530530530086e+03 0.000000000000000000e+00
4.141241241241241369e+03 0.000000000000000000e+00
4.151951951951951742e+03 0.000000000000000000e+00
4.162662662662662115e+03 0.000000000000000000e+00
4.173373373373373397e+03 0.000000000000000000e+00
4.184084084084083770e+03 0.000000000000000000e+00
4.194794794794795052e+03 0.000000000000000000e+00
4.205505505505505425e+03 0.000000000000000000e+00
4.216216216216215798e+03 0.000000000000000000e+00
4.226926926926927081e+03 0.000000000000000000e+00
4.237637637637637454e+03 0.000000000000000000e+00
4.248348348348347827e+03 0.000000000000000000e+00
4.259059059059059109e+03 0.000000000000000000e+00
4.269769769769769482e+03 0.000000000000000000e+00
4.280480480480480765e+03 0.000000000000000000e+00
4.291191191191191137e+03 0.000000000000000000e+00
4.301901901901901510e+03 0.000000000000000000e+00
4.312612612612612793e+03 0.000000000000000000e+00
4.323323323323323166e+03 0.000000000000000000e+00
4.334034034034033539e+03 0.000000000000000000e+00
4.344744744744744821e+03 0.000000000000000000e+00
4.355455455455455194e+03 0.000000000000000000e+00
4.366166166166166477e+03 0.000000000000000000e+00
4.376876876876876850e+03 0.000000000000000000e+00
4.387587587587587223e+03 0.000000000000000000e+00
4.398298298298298505e+03 0.000000000000000000e+00
4.409009009009008878e+03 0.000000000000000000e+00
4.419719719719719251e+03 0.000000000000000000e+00
4.430430430430430533e+03 0.000000000000000000e+00
4.441141141141140906e+03 0.000000000000000000e+00
4.451851851851851279e+03 0.000000000000000000e+00
4.462562562562562562e+03 0.000000000000000000e+00
4.473273273273272935e+03 0.000000000000000000e+00
4.483983983983984217e+03 0.000000000000000000e+00
4.494694694694694590e+03 0.000000000000000000e+00
4.505405405405404963e+03 0.000000000000000000e+00
4.516116116116116245e+03 0.000000000000000000e+00
4.526826826826826618e+03 0.000000000000000000e+00
4.537537537537536991e+03 0.000000000000000000e+00
4.548248248248248274e+03 0.000000000000000000e+00
4.558958958958958647e+03 0.000000000000000000e+00
4.569669669669669929e+03 0.000000000000000000e+00
4.580380380380380302e+03 0.000000000000000000e+00
4.591091091091090675e+03 0.000000000000000000e+00
4.601801801801801957e+03 0.000000000000000000e+00
4.612512512512512330e+03 0.000000000000000000e+00
4.623223223223222703e+03 0.000000000000000000e+00
4.633933933933933986e+03 0.000000000000000000e+00
4.644644644644644359e+03 0.000000000000000000e+00
4.655355355355355641e+03 0.000000000000000000e+00
4.666066066066066014e+03 0.000000000000000000e+00
4.676776776776776387e+03 0.000000000000000000e+00
4.687487487487487670e+03 0.000000000000000000e+00
4.698198198198198043e+03 0.000000000000000000e+00
4.708908908908908415e+03 0.000000000000000000e+00
4.719619619619619698e+03 0.000000000000000000e+00
4.730330330330330071e+03 0.000000000000000000e+00
4.741041041041041353e+03 0.000000000000000000e+00
4.751751751751751726e+03 0.000000000000000000e+00
4.762462462462462099e+03 0.000000000000000000e+00
4.773173173173173382e+03 0.000000000000000000e+00
4.783883883883883755e+03 0.000000000000000000e+00
4.794594594594594128e+03 0.000000000000000000e+00
4.805305305305305410e+03 0.000000000000000000e+00
4.816016016016015783e+03 0.000000000000000000e+00
4.826726726726726156e+03 0.000000000000000000e+00
4.837437437437437438e+03 0.000000000000000000e+00
4.848148148148147811e+03 0.000000000000000000e+00
4.858858858858859094e+03 0.000000000000000000e+00
4.869569569569569467e+03 0.000000000000000000e+00
4.880280280280279840e+03 0.000000000000000000e+00
4.890990990990991122e+03 0.000000000000000000e+00
4.901701701701701495e+03 0.000000000000000000e+00
4.912412412412411868e+03 0.000000000000000000e+00
4.923123123123123150e+03 0.000000000000000000e+00
4.933833833833833523e+03 0.000000000000000000e+00
4.944544544544544806e+03 0.000000000000000000e+00
4.955255255255255179e+03 0.000000000000000000e+00
4.965965965965965552e+03 0.000000000000000000e+00
4.976676676676676834e+03 0.000000000000000000e+00
4.987387387387387207e+03 0.000000000000000000e+00
4.998098098098097580e+03 0.000000000000000000e+00
5.008808808808808863e+03 0.000000000000000000e+00
5.019519519519519235e+03 0.000000000000000000e+00
5.030230230230230518e+03 0.000000000000000000e+00
5.040940940940940891e+03 0.000000000000000000e+00
5.051651651651651264e+03 0.000000000000000000e+00
5.062362362362362546e+03 0.000000000000000000e+00
5.073073073073072919e+03 0.000000000000000000e+00
5.083783783783783292e+03 0.000000000000000000e+00
5.094494494494494575e+03 0.000000000000000000e+00
5.105205205205204948e+03 0.000000000000000000e+00
5.115915915915916230e+03 0.000000000000000000e+00
5.126626626626626603e+03 0.000000000000000000e+00
5.137337337337336976e+03 0.000000000000000000e+00
5.148048048048048258e+03 0.000000000000000000e+00
5.158758758758758631e+03 0.000000000000000000e+00
5.169469469469469004e+03 0.000000000000000000e+00
5.180180180180180287e+03 0.000000000000000000e+00
5.190890890890890660e+03 0.000000000000000000e+00
5.201601601601601033e+03 0.000000000000000000e+00
5.212312312312312315e+03 0.000000000000000000e+00
5.223023023023022688e+03 0.000000000000000000e+00
5.233733733733733970e+03 0.000000000000000000e+00
5.244444444444444343e+03 0.000000000000000000e+00
5.255155155155154716e+03 0.000000000000000000e+00
5.265865865865865999e+03 0.000000000000000000e+00
5.276576576576576372e+03 0.000000000000000000e+00
5.287287287287286745e+03 0.000000000000000000e+00
5.297997997997998027e+03 0.000000000000000000e+00
5.308708708708708400e+03 0.000000000000000000e+00
5.319419419419419683e+03 0.000000000000000000e+00
5.330130130130130055e+03 0.000000000000000000e+00
5.340840840840840428e+03 0.000000000000000000e+00
5.351551551551551711e+03 0.000000000000000000e+00
5.362262262262262084e+03 0.000000000000000000e+00
5.372972972972972457e+03 0.000000000000000000e+00
5.383683683683683739e+03 0.000000000000000000e+00
5.394394394394394112e+03 0.000000000000000000e+00
5.405105105105105395e+03 0.000000000000000000e+00
5.415815815815815768e+03 0.000000000000000000e+00
5.426526526526526141e+03 0.000000000000000000e+00
5.437237237237237423e+03 0.000000000000000000e+00
5.447947947947947796e+03 0.000000000000000000e+00
5.458658658658658169e+03 0.000000000000000000e+00
5.469369369369369451e+03 0.000000000000000000e+00
5.480080080080079824e+03 0.000000000000000000e+00
5.490790790790790197e+03 0.000000000000000000e+00
5.501501501501501480e+03 0.000000000000000000e+00
5.512212212212211853e+03 0.000000000000000000e+00
5.522922922922923135e+03 0.000000000000000000e+00
5.533633633633633508e+03 0.000000000000000000e+00
5.544344344344343881e+03 0.000000000000000000e+00
5.555055055055055163e+03 0.000000000000000000e+00
5.565765765765765536e+03 0.000000000000000000e+00
5.576476476476475909e+03 0.000000000000000000e+00
5.587187187187187192e+03 0.000000000000000000e+00
5.597897897897897565e+03 0.000000000000000000e+00
5.608608608608608847e+03 0.000000000000000000e+00
5.619319319319319220e+03 0.000000000000000000e+00
5.630030030030029593e+03 0.000000000000000000e+00
5.640740740740740875e+03 0.000000000000000000e+00
5.651451451451451248e+03 0.000000000000000000e+00
5.662162162162161621e+03 0.000000000000000000e+00
5.672872872872872904e+03 0.000000000000000000e+00
5.683583583583583277e+03 0.000000000000000000e+00
5.694294294294294559e+03 0.000000000000000000e+00
5.705005005005004932e+03 0.000000000000000000e+00
5.715715715715715305e+03 0.000000000000000000e+00
5.726426426426426588e+03 0.000000000000000000e+00
5.737137137137136961e+03 0.000000000000000000e+00
5.747847847847847333e+03 0.000000000000000000e+00
5.758558558558558616e+03 0.000000000000000000e+00
5.769269269269268989e+03 0.000000000000000000e+00
5.779979979979980271e+03 0.000000000000000000e+00
5.790690690690690644e+03 0.000000000000000000e+00
5.801401401401401017e+03 0.000000000000000000e+00
5.812112112112112300e+03 0.000000000000000000e+00
5.822822822822822673e+03 0.000000000000000000e+00
5.833533533533533046e+03 0.000000000000000000e+00
5.844244244244244328e+03 0.000000000000000000e+00
5.854954954954954701e+03 0.000000000000000000e+00
5.865665665665665074e+03 0.000000000000000000e+00
5.876376376376376356e+03 0.000000000000000000e+00
5.887087087087086729e+03 0.000000000000000000e+00
5.897797797797798012e+03 0.000000000000000000e+00
5.908508508508508385e+03 0.000000000000000000e+00
5.919219219219218758e+03 0.000000000000000000e+00
5.929929929929930040e+03 0.000000000000000000e+00
5.940640640640640413e+03 0.000000000000000000e+00
5.951351351351350786e+03 0.000000000000000000e+00
5.962062062062062068e+03 0.000000000000000000e+00
5.972772772772772441e+03 0.000000000000000000e+00
5.983483483483483724e+03 0.000000000000000000e+00
5.994194194194194097e+03 0.000000000000000000e+00
6.004904904904904470e+03 0.000000000000000000e+00
6.015615615615615752e+03 0.000000000000000000e+00
6.026326326326326125e+03 0.000000000000000000e+00
6.037037037037036498e+03 0.000000000000000000e+00
6.047747747747747781e+03 0.000000000000000000e+00
6.058458458458458153e+03 0.000000000000000000e+00
6.069169169169169436e+03 0.000000000000000000e+00
6.079879879879879809e+03 0.000000000000000000e+00
6.090590590590590182e+03 0.000000000000000000e+00
6.101301301301301464e+03 0.000000000000000000e+00
6.112012012012011837e+03 0.000000000000000000e+00
6.122722722722722210e+03 0.000000000000000000e+00
6.133433433433433493e+03 0.000000000000000000e+00
6.144144144144143866e+03 0.000000000000000000e+00
6.154854854854855148e+03 0.000000000000000000e+00
6.165565565565565521e+03 0.000000000000000000e+00
6.176276276276275894e+03 0.000000000000000000e+00
6.186986986986987176e+03 0.000000000000000000e+00
6.197697697697697549e+03 0.000000000000000000e+00
6.208408408408407922e+03 0.000000000000000000e+00
6.219119119119119205e+03 0.000000000000000000e+00
6.229829829829829578e+03 0.000000000000000000e+00
6.240540540540539951e+03 0.000000000000000000e+00
6.251251251251251233e+03 0.000000000000000000e+00
6.261961961961961606e+03 0.000000000000000000e+00
6.272672672672672888e+03 0.000000000000000000e+00
6.283383383383383261e+03 0.000000000000000000e+00
6.294094094094093634e+03 0.000000000000000000e+00
6.304804804804804917e+03 0.000000000000000000e+00
6.315515515515515290e+03 0.000000000000000000e+00
6.326226226226225663e+03 0.000000000000000000e+00
6.336936936936936945e+03 0.000000000000000000e+00
6.347647647647647318e+03 0.000000000000000000e+00
6.358358358358358601e+03 0.000000000000000000e+00
6.369069069069068973e+03 0.000000000000000000e+00
6.379779779779779346e+03 0.000000000000000000e+00
6.390490490490490629e+03 0.000000000000000000e+00
6.401201201201201002e+03 0.000000000000000000e+00
6.411911911911911375e+03 0.000000000000000000e+00
6.422622622622622657e+03 0.000000000000000000e+00
6.433333333333333030e+03 0.000000000000000000e+00
6.444044044044044313e+03 0.000000000000000000e+00
6.454754754754754686e+03 0.000000000000000000e+00
6.465465465465465059e+03 0.000000000000000000e+00
6.476176176176176341e+03 0.000000000000000000e+00
6.486886886886886714e+03 0.000000000000000000e+00
6.497597597597597087e+03 0.000000000000000000e+00
6.508308308308308369e+03 0.000000000000000000e+00
6.519019019019018742e+03 0.000000000000000000e+00
6.529729729729729115e+03 0.000000000000000000e+00
6.540440440440440398e+03 0.000000000000000000e+00
6.551151151151150771e+03 0.000000000000000000e+00
6.561861861861862053e+03 0.000000000000000000e+00
6.572572572572572426e+03 0.000000000000000000e+00
6.583283283283282799e+03 0.000000000000000000e+00
6.593993993993994081e+03 0.000000000000000000e+00
6.604704704704704454e+03 0.000000000000000000e+00
6.615415415415414827e+03 0.000000000000000000e+00
6.626126126126126110e+03 0.000000000000000000e+00
6.636836836836836483e+03 0.000000000000000000e+00
6.647547547547547765e+03 0.000000000000000000e+00
6.658258258258258138e+03 0.000000000000000000e+00
6.668968968968968511e+03 0.000000000000000000e+00
6.679679679679679793e+03 0.000000000000000000e+00
6.690390390390390166e+03 0.000000000000000000e+00
6.701101101101100539e+03 0.000000000000000000e+00
6.711811811811811822e+03 0.000000000000000000e+00
6.722522522522522195e+03 0.000000000000000000e+00
6.733233233233233477e+03 0.000000000000000000e+00
6.743943943943943850e+03 0.000000000000000000e+00
6.754654654654654223e+03 0.000000000000000000e+00
6.765365365365365506e+03 0.000000000000000000e+00
6.776076076076075879e+03 0.000000000000000000e+00
6.786786786786786251e+03 0.000000000000000000e+00
6.797497497497497534e+03 0.000000000000000000e+00
6.808208208208207907e+03 0.000000000000000000e+00
6.818918918918919189e+03 0.000000000000000000e+00
6.829629629629629562e+03 0.000000000000000000e+00
6.840340340340339935e+03 0.000000000000000000e+00
6.851051051051051218e+03 0.000000000000000000e+00
6.861761761761761591e+03 0.000000000000000000e+00
6.872472472472471964e+03 0.000000000000000000e+00
6.883183183183183246e+03 0.000000000000000000e+00
6.893893893893893619e+03 0.000000000000000000e+00
6.904604604604603992e+03 0.000000000000000000e+00
6.915315315315315274e+03 0.000000000000000000e+00
6.926026026026025647e+03 0.000000000000000000e+00
6.936736736736736930e+03 0.000000000000000000e+00
6.947447447447447303e+03 0.000000000000000000e+00
6.958158158158157676e+03 0.000000000000000000e+00
6.968868868868868958e+03 0.000000000000000000e+00
6.979579579579579331e+03 0.000000000000000000e+00
6.990290290290289704e+03 0.000000000000000000e+00
7.001001001001000986e+03 0.000000000000000000e+00
7.011711711711711359e+03 0.000000000000000000e+00
7.022422422422422642e+03 0.000000000000000000e+00
7.033133133133133015e+03 0.000000000000000000e+00
7.043843843843843388e+03 0.000000000000000000e+00
7.054554554554554670e+03 0.000000000000000000e+00
7.065265265265265043e+03 0.000000000000000000e+00
7.075975975975975416e+03 0.000000000000000000e+00
7.086686686686686699e+03 0.000000000000000000e+00
7.097397397397397071e+03 0.000000000000000000e+00
7.108108108108108354e+03 0.000000000000000000e+00
7.118818818818818727e+03 0.000000000000000000e+00
7.129529529529529100e+03 0.000000000000000000e+00
7.140240240240240382e+03 0.000000000000000000e+00
7.150950950950950755e+03 0.000000000000000000e+00
7.161661661661661128e+03 0.000000000000000000e+00
7.172372372372372411e+03 0.000000000000000000e+00
7.183083083083082784e+03 0.000000000000000000e+00
7.193793793793793157e+03 0.000000000000000000e+00
7.204504504504504439e+03 0.000000000000000000e+00
7.215215215215214812e+03 0.000000000000000000e+00
7.225925925925926094e+03 0.000000000000000000e+00
7.236636636636636467e+03 0.000000000000000000e+00
7.247347347347346840e+03 0.000000000000000000e+00
7.258058058058058123e+03 0.000000000000000000e+00
7.268768768768768496e+03 0.000000000000000000e+00
7.279479479479478869e+03 0.000000000000000000e+00
7.290190190190190151e+03 0.000000000000000000e+00
7.300900900900900524e+03 0.000000000000000000e+00
7.311611611611611806e+03 0.000000000000000000e+00
7.322322322322322179e+03 0.000000000000000000e+00
7.333033033033032552e+03 0.000000000000000000e+00
7.343743743743743835e+03 0.000000000000000000e+00
7.354454454454454208e+03 0.000000000000000000e+00
7.365165165165164581e+03 0.000000000000000000e+00
7.375875875875875863e+03 0.000000000000000000e+00
7.386586586586586236e+03 0.000000000000000000e+00
7.397297297297297519e+03 0.000000000000000000e+00
7.408008008008007891e+03 0.000000000000000000e+00
7.418718718718718264e+03 0.000000000000000000e+00
7.429429429429429547e+03 0.000000000000000000e+00
7.440140140140139920e+03 0.000000000000000000e+00
7.450850850850850293e+03 0.000000000000000000e+00
7.461561561561561575e+03 0.000000000000000000e+00
7.472272272272271948e+03 0.000000000000000000e+00
7.482982982982983231e+03 0.000000000000000000e+00
7.493693693693692694e+03 0.000000000000000000e+00
7.504404404404403977e+03 0.000000000000000000e+00
7.515115115115115259e+03 0.000000000000000000e+00
7.525825825825824722e+03 0.000000000000000000e+00
7.536536536536536005e+03 0.000000000000000000e+00
7.547247247247247287e+03 0.000000000000000000e+00
7.557957957957958570e+03 0.000000000000000000e+00
7.568668668668668033e+03 0.000000000000000000e+00
7.579379379379379316e+03 0.000000000000000000e+00
7.590090090090090598e+03 0.000000000000000000e+00
7.600800800800800062e+03 0.000000000000000000e+00
7.611511511511511344e+03 0.000000000000000000e+00
7.622222222222222626e+03 0.000000000000000000e+00
7.632932932932932090e+03 0.000000000000000000e+00
7.643643643643643372e+03 0.000000000000000000e+00
7.654354354354354655e+03 0.000000000000000000e+00
7.665065065065064118e+03 0.000000000000000000e+00
7.675775775775775401e+03 0.000000000000000000e+00
7.686486486486486683e+03 0.000000000000000000e+00
7.697197197197196147e+03 0.000000000000000000e+00
7.707907907907907429e+03 0.000000000000000000e+00
7.718618618618618711e+03 0.000000000000000000e+00
7.729329329329329994e+03 0.000000000000000000e+00
7.740040040040039457e+03 0.000000000000000000e+00
7.750750750750750740e+03 0.000000000000000000e+00
7.761461461461462022e+03 0.000000000000000000e+00
7.772172172172171486e+03 0.000000000000000000e+00
7.782882882882882768e+03 0.000000000000000000e+00
7.793593593593594051e+03 0.000000000000000000e+00
7.804304304304303514e+03 0.000000000000000000e+00
7.815015015015014797e+03 0.000000000000000000e+00
7.825725725725726079e+03 0.000000000000000000e+00
7.836436436436435542e+03 0.000000000000000000e+00
7.847147147147146825e+03 0.000000000000000000e+00
7.857857857857858107e+03 0.000000000000000000e+00
7.868568568568567571e+03 0.000000000000000000e+00
7.879279279279278853e+03 0.000000000000000000e+00
7.889989989989990136e+03 0.000000000000000000e+00
7.900700700700699599e+03 0.000000000000000000e+00
7.911411411411410882e+03 0.000000000000000000e+00
7.922122122122122164e+03 0.000000000000000000e+00
7.932832832832833446e+03 0.000000000000000000e+00
7.943543543543542910e+03 0.000000000000000000e+00
7.954254254254254192e+03 0.000000000000000000e+00
7.964964964964965475e+03 0.000000000000000000e+00
7.975675675675674938e+03 0.000000000000000000e+00
7.986386386386386221e+03 0.000000000000000000e+00
7.997097097097097503e+03 0.000000000000000000e+00
8.007807807807806967e+03 0.000000000000000000e+00
8.018518518518518249e+03 0.000000000000000000e+00
8.029229229229229531e+03 0.000000000000000000e+00
8.039939939939938995e+03 0.000000000000000000e+00
8.050650650650650277e+03 0.000000000000000000e+00
8.061361361361361560e+03 0.000000000000000000e+00
8.072072072072071023e+03 0.000000000000000000e+00
8.082782782782782306e+03 0.000000000000000000e+00
8.093493493493493588e+03 0.000000000000000000e+00
8.104204204204204871e+03 0.000000000000000000e+00
8.114914914914914334e+03 0.000000000000000000e+00
8.125625625625625617e+03 0.000000000000000000e+00
8.136336336336336899e+03 0.000000000000000000e+00
8.147047047047046362e+03 0.000000000000000000e+00
8.157757757757757645e+03 0.000000000000000000e+00
8.168468468468468927e+03 0.000000000000000000e+00
8.179179179179178391e+03 0.000000000000000000e+00
8.189889889889889673e+03 0.000000000000000000e+00
8.200600600600600956e+03 0.000000000000000000e+00
8.211311311311310419e+03 0.000000000000000000e+00
8.222022022022021702e+03 0.000000000000000000e+00
8.232732732732732984e+03 0.000000000000000000e+00
8.243443443443442447e+03 0.000000000000000000e+00
8.254154154154153730e+03 0.000000000000000000e+00
8.264864864864865012e+03 0.000000000000000000e+00
8.275575575575574476e+03 0.000000000000000000e+00
8.286286286286285758e+03 0.000000000000000000e+00
8.296996996996997041e+03 0.000000000000000000e+00
8.307707707707708323e+03 0.000000000000000000e+00
8.318418418418417787e+03 0.000000000000000000e+00
8.329129129129129069e+03 0.000000000000000000e+00
8.339839839839840351e+03 0.000000000000000000e+00
8.350550550550549815e+03 0.000000000000000000e+00
8.361261261261261097e+03 0.000000000000000000e+00
8.371971971971972380e+03 0.000000000000000000e+00
8.382682682682681843e+03 0.000000000000000000e+00
8.393393393393393126e+03 0.000000000000000000e+00
8.404104104104104408e+03 0.000000000000000000e+00
8.414814814814813872e+03 0.000000000000000000e+00
8.425525525525525154e+03 0.000000000000000000e+00
8.436236236236236437e+03 0.000000000000000000e+00
8.446946946946945900e+03 0.000000000000000000e+00
8.457657657657657182e+03 0.000000000000000000e+00
8.468368368368368465e+03 0.000000000000000000e+00
8.479079079079079747e+03 0.000000000000000000e+00
8.489789789789789211e+03 0.000000000000000000e+00
8.500500500500500493e+03 0.000000000000000000e+00
8.511211211211211776e+03 0.000000000000000000e+00
8.521921921921921239e+03 0.000000000000000000e+00
8.532632632632632522e+03 0.000000000000000000e+00
8.543343343343343804e+03 0.000000000000000000e+00
8.554054054054053267e+03 0.000000000000000000e+00
8.564764764764764550e+03 0.000000000000000000e+00
8.575475475475475832e+03 0.000000000000000000e+00
8.586186186186185296e+03 0.000000000000000000e+00
8.596896896896896578e+03 0.000000000000000000e+00
8.607607607607607861e+03 0.000000000000000000e+00
8.618318318318317324e+03 0.000000000000000000e+00
8.629029029029028607e+03 0.000000000000000000e+00
8.639739739739739889e+03 0.000000000000000000e+00
8.650450450450449353e+03 0.000000000000000000e+00
8.661161161161160635e+03 0.000000000000000000e+00
8.671871871871871917e+03 0.000000000000000000e+00
8.682582582582583200e+03 0.000000000000000000e+00
8.693293293293292663e+03 0.000000000000000000e+00
8.704004004004003946e+03 0.000000000000000000e+00
8.714714714714715228e+03 0.000000000000000000e+00
8.725425425425424692e+03 0.000000000000000000e+00
8.736136136136135974e+03 0.000000000000000000e+00
8.746846846846847257e+03 0.000000000000000000e+00
8.757557557557556720e+03 0.000000000000000000e+00
8.768268268268268002e+03 0.000000000000000000e+00
8.778978978978979285e+03 0.000000000000000000e+00
8.789689689689688748e+03 0.000000000000000000e+00
8.800400400400400031e+03 0.000000000000000000e+00
8.811111111111111313e+03 0.000000000000000000e+00
8.821821821821820777e+03 0.000000000000000000e+00
8.832532532532532059e+03 0.000000000000000000e+00
8.843243243243243342e+03 0.000000000000000000e+00
8.853953953953954624e+03 0.000000000000000000e+00
8.864664664664664087e+03 0.000000000000000000e+00
8.875375375375375370e+03 0.000000000000000000e+00
8.886086086086086652e+03 0.000000000000000000e+00
8.896796796796796116e+03 0.000000000000000000e+00
8.907507507507507398e+03 0.000000000000000000e+00
8.918218218218218681e+03 0.000000000000000000e+00
8.928928928928928144e+03 0.000000000000000000e+00
8.939639639639639427e+03 0.000000000000000000e+00
8.950350350350350709e+03 0.000000000000000000e+00
8.961061061061060173e+03 0.000000000000000000e+00
8.971771771771771455e+03 0.000000000000000000e+00
8.982482482482482737e+03 0.000000000000000000e+00
8.993193193193192201e+03 0.000000000000000000e+00
9.003903903903903483e+03 0.000000000000000000e+00
9.014614614614614766e+03 0.000000000000000000e+00
9.025325325325324229e+03 0.000000000000000000e+00
9.036036036036035512e+03 0.000000000000000000e+00
9.046746746746746794e+03 0.000000000000000000e+00
9.057457457457458077e+03 0.000000000000000000e+00
9.068168168168167540e+03 0.000000000000000000e+00
9.078878878878878822e+03 0.000000000000000000e+00
9.089589589589590105e+03 0.000000000000000000e+00
9.100300300300299568e+03 0.000000000000000000e+00
9.111011011011010851e+03 0.000000000000000000e+00
9.121721721721722133e+03 0.000000000000000000e+00
9.132432432432431597e+03 0.000000000000000000e+00
9.143143143143142879e+03 0.000000000000000000e+00
9.153853853853854162e+03 0.000000000000000000e+00
9.164564564564563625e+03 0.000000000000000000e+00
9.175275275275274907e+03 0.000000000000000000e+00
9.185985985985986190e+03 0.000000000000000000e+00
9.196696696696695653e+03 0.000000000000000000e+00
9.207407407407406936e+03 0.000000000000000000e+00
9.218118118118118218e+03 0.000000000000000000e+00
9.228828828828829501e+03 0.000000000000000000e+00
9.239539539539538964e+03 0.000000000000000000e+00
9.250250250250250247e+03 0.000000000000000000e+00
9.260960960960961529e+03 0.000000000000000000e+00
9.271671671671670993e+03 0.000000000000000000e+00
9.282382382382382275e+03 0.000000000000000000e+00
9.293093093093093557e+03 0.000000000000000000e+00
9.303803803803803021e+03 0.000000000000000000e+00
9.314514514514514303e+03 0.000000000000000000e+00
9.325225225225225586e+03 0.000000000000000000e+00
9.335935935935935049e+03 0.000000000000000000e+00
9.346646646646646332e+03 0.000000000000000000e+00
9.357357357357357614e+03 0.000000000000000000e+00
9.368068068068067078e+03 0.000000000000000000e+00
9.378778778778778360e+03 0.000000000000000000e+00
9.389489489489489642e+03 0.000000000000000000e+00
9.400200200200199106e+03 0.000000000000000000e+00
9.410910910910910388e+03 0.000000000000000000e+00
9.421621621621621671e+03 0.000000000000000000e+00
9.432332332332332953e+03 0.000000000000000000e+00
9.443043043043042417e+03 0.000000000000000000e+00
9.453753753753753699e+03 0.000000000000000000e+00
9.464464464464464982e+03 0.000000000000000000e+00
9.475175175175174445e+03 0.000000000000000000e+00
9.485885885885885727e+03 0.000000000000000000e+00
9.496596596596597010e+03 0.000000000000000000e+00
9.507307307307306473e+03 0.000000000000000000e+00
9.518018018018017756e+03 0.000000000000000000e+00
9.528728728728729038e+03 0.000000000000000000e+00
9.539439439439438502e+03 0.000000000000000000e+00
9.550150150150149784e+03 0.000000000000000000e+00
9.560860860860861067e+03 0.000000000000000000e+00
9.571571571571570530e+03 0.000000000000000000e+00
9.582282282282281813e+03 0.000000000000000000e+00
9.592992992992993095e+03 0.000000000000000000e+00
9.603703703703702558e+03 0.000000000000000000e+00
9.614414414414413841e+03 0.000000000000000000e+00
9.625125125125125123e+03 0.000000000000000000e+00
9.635835835835836406e+03 0.000000000000000000e+00
9.646546546546545869e+03 0.000000000000000000e+00
9.657257257257257152e+03 0.000000000000000000e+00
9.667967967967968434e+03 0.000000000000000000e+00
9.678678678678677898e+03 0.000000000000000000e+00
9.689389389389389180e+03 0.000000000000000000e+00
9.700100100100100462e+03 0.000000000000000000e+00
9.710810810810809926e+03 0.000000000000000000e+00
9.721521521521521208e+03 0.000000000000000000e+00
9.732232232232232491e+03 0.000000000000000000e+00
9.742942942942941954e+03 0.000000000000000000e+00
9.753653653653653237e+03 0.000000000000000000e+00
9.764364364364364519e+03 0.000000000000000000e+00
9.775075075075073983e+03 0.000000000000000000e+00
9.785785785785785265e+03 0.000000000000000000e+00
9.796496496496496547e+03 0.000000000000000000e+00
9.807207207207207830e+03 0.000000000000000000e+00
9.817917917917917293e+03 0.000000000000000000e+00
9.828628628628628576e+03 0.000000000000000000e+00
9.839339339339339858e+03 0.000000000000000000e+00
9.850050050050049322e+03 0.000000000000000000e+00
9.860760760760760604e+03 0.000000000000000000e+00
9.871471471471471887e+03 0.000000000000000000e+00
9.882182182182181350e+03 0.000000000000000000e+00
9.892892892892892633e+03 0.000000000000000000e+00
9.903603603603603915e+03 0.000000000000000000e+00
9.914314314314313378e+03 0.000000000000000000e+00
9.925025025025024661e+03 0.000000000000000000e+00
9.935735735735735943e+03 0.000000000000000000e+00
9.946446446446445407e+03 0.000000000000000000e+00
9.957157157157156689e+03 0.000000000000000000e+00
9.967867867867867972e+03 0.000000000000000000e+00
9.978578578578577435e+03 0.000000000000000000e+00
9.989289289289288718e+03 0.000000000000000000e+00
1.000000000000000000e+04 0.000000000000000000e+00
