0.0009735810072368094 10.747126436781599
0.01254032142204354 10.747126436781585
0.01494233967214401 10.881226053639821
0.01806637564022791 11.149425287356308
0.02315759455978451 11.68582375478924
0.03101296866744569 12.62452107279691
0.048770889506639936 14.501915708812248
0.09548066462654545 17.452107279693465
0.11376937440088469 18.524904214559356
0.12418820167527513 19.86590038314175
0.13359580211782507 21.743295019157074
0.1639033151628076 31.130268199233697
0.21950157061916942 44.13793103448273
0.3208798860252157 53.122605363984654
0.5589298369549272 64.25287356321836
0.7707121004052666 69.88505747126433
0.9455556708368998 72.70114942528733
1.1771302606459781 75.38314176245208
1.6470314904410825 78.19923371647508
2.2711027672938977 80.21072796934862
3.3200272556827626 81.551724137931
5.07077097502244 82.2222222222222
7.4127415486615025 82.75862068965513
10.221479031886062 83.02681992337162
13.294703219719194 83.83141762452104
17.54632004025116 84.7701149425287
22.164909476709145 86.37931034482754
27.99921641596135 88.12260536398463
41.53299355358081 92.41379310344824
63.43450881519387 97.77777777777774
91.38774248594046 101.39846743295016
113.76937440088459 103.14176245210724
147.9756563051708 104.21455938697314
189.67613215142532 104.75095785440608
302.672187721832 105.01915708812255
